barcode	chromosome	start	stop	num.mark	seg.mean
TCGA-09-0364-01A-02D-0508-04	1	554287	16713074	5782	-0.0174
TCGA-09-0364-01A-02D-0508-04	1	16799711	16838573	6	0.5028
TCGA-09-0364-01A-02D-0508-04	1	16888048	16888048	1	NA
TCGA-09-0364-01A-02D-0508-04	1	16917759	17094475	10	-0.2715
TCGA-09-0364-01A-02D-0508-04	1	17102601	17102601	1	NA
TCGA-09-0364-01A-02D-0508-04	1	17104345	17112697	3	0.9058
TCGA-09-0364-01A-02D-0508-04	1	17114337	21366247	1829	-0.0356
TCGA-09-0364-01A-02D-0508-04	1	21368889	21383657	7	0.3448
TCGA-09-0364-01A-02D-0508-04	1	21387700	25171701	1539	0.0071
TCGA-09-0364-01A-02D-0508-04	1	25173391	33818592	3338	-0.4312
TCGA-09-0364-01A-02D-0508-04	1	33819877	33830748	6	-0.111
TCGA-09-0364-01A-02D-0508-04	1	33832571	34869589	372	-0.5307
TCGA-09-0364-01A-02D-0508-04	1	34876833	34881595	3	-3.4507
TCGA-09-0364-01A-02D-0508-04	1	34883375	37124322	927	-0.4659
TCGA-09-0364-01A-02D-0508-04	1	37127665	41036484	1517	0.7891
TCGA-09-0364-01A-02D-0508-04	1	41038108	42007575	396	0.3175
TCGA-09-0364-01A-02D-0508-04	1	42009596	42524532	195	0.5889
TCGA-09-0364-01A-02D-0508-04	1	42526498	44224138	706	0.3224
TCGA-09-0364-01A-02D-0508-04	1	44225943	59635571	6172	-0.4481
TCGA-09-0364-01A-02D-0508-04	1	59637163	59781622	66	-0.0076
TCGA-09-0364-01A-02D-0508-04	1	59783668	72533804	5014	-0.4536
TCGA-09-0364-01A-02D-0508-04	1	72533856	72537426	4	-2.4648
TCGA-09-0364-01A-02D-0508-04	1	72539143	72579311	14	0.9461
TCGA-09-0364-01A-02D-0508-04	1	72589682	75311921	628	-0.5232
TCGA-09-0364-01A-02D-0508-04	1	75319108	75427361	44	-1.179
TCGA-09-0364-01A-02D-0508-04	1	75428660	86116103	3529	-0.4375
TCGA-09-0364-01A-02D-0508-04	1	86124953	86336823	92	0.0464
TCGA-09-0364-01A-02D-0508-04	1	86338407	102079376	5436	-0.4508
TCGA-09-0364-01A-02D-0508-04	1	102083093	102083093	1	NA
TCGA-09-0364-01A-02D-0508-04	1	102084501	104467332	468	-0.0165
TCGA-09-0364-01A-02D-0508-04	1	104472209	110033018	1506	0.334
TCGA-09-0364-01A-02D-0508-04	1	110034542	110041712	3	1.4655
TCGA-09-0364-01A-02D-0508-04	1	110058441	116028595	2220	0.3312
TCGA-09-0364-01A-02D-0508-04	1	116029725	116033402	3	1.207
TCGA-09-0364-01A-02D-0508-04	1	116035435	120329400	1590	0.3455
TCGA-09-0364-01A-02D-0508-04	1	120331193	143799153	149	0.0432
TCGA-09-0364-01A-02D-0508-04	1	143800457	146218660	572	0.3145
TCGA-09-0364-01A-02D-0508-04	1	146226366	147203277	21	-0.0396
TCGA-09-0364-01A-02D-0508-04	1	147306304	147306304	1	NA
TCGA-09-0364-01A-02D-0508-04	1	147308557	150823073	1294	0.3334
TCGA-09-0364-01A-02D-0508-04	1	150836481	150851439	10	2.7428
TCGA-09-0364-01A-02D-0508-04	1	150852858	151026228	78	0.3208
TCGA-09-0364-01A-02D-0508-04	1	151028700	151036435	4	1.1701
TCGA-09-0364-01A-02D-0508-04	1	151038091	157133150	2679	0.33
TCGA-09-0364-01A-02D-0508-04	1	157134796	157136342	2	-3.6994
TCGA-09-0364-01A-02D-0508-04	1	157138568	167483267	4108	0.317
TCGA-09-0364-01A-02D-0508-04	1	167493768	167507898	8	-3.1309
TCGA-09-0364-01A-02D-0508-04	1	167520743	175666724	3304	0.3305
TCGA-09-0364-01A-02D-0508-04	1	175670457	179694500	1516	0.0147
TCGA-09-0364-01A-02D-0508-04	1	179696436	179698210	2	-0.9455
TCGA-09-0364-01A-02D-0508-04	1	179702422	179702422	1	NA
TCGA-09-0364-01A-02D-0508-04	1	179702660	185979586	2386	0.0088
TCGA-09-0364-01A-02D-0508-04	1	185984652	185988138	2	1.0219
TCGA-09-0364-01A-02D-0508-04	1	186000612	190006782	805	-0.0395
TCGA-09-0364-01A-02D-0508-04	1	190020971	190140483	20	0.3241
TCGA-09-0364-01A-02D-0508-04	1	190142684	194978218	1144	-0.0279
TCGA-09-0364-01A-02D-0508-04	1	195009358	195065867	9	-0.8174
TCGA-09-0364-01A-02D-0508-04	1	195091758	200602881	2160	9e-04
TCGA-09-0364-01A-02D-0508-04	1	200609726	200667381	22	-0.3042
TCGA-09-0364-01A-02D-0508-04	1	200668993	216843592	6149	-0.0041
TCGA-09-0364-01A-02D-0508-04	1	216849386	216958244	17	-0.3807
TCGA-09-0364-01A-02D-0508-04	1	216972078	227875096	3773	-0.0158
TCGA-09-0364-01A-02D-0508-04	1	227879152	227882805	4	-1.0053
TCGA-09-0364-01A-02D-0508-04	1	227889619	240485842	4915	-0.0203
TCGA-09-0364-01A-02D-0508-04	1	240489591	240566493	26	-0.3241
TCGA-09-0364-01A-02D-0508-04	1	240568872	244161571	1343	-0.0485
TCGA-09-0364-01A-02D-0508-04	1	244163494	244252162	41	0.2363
TCGA-09-0364-01A-02D-0508-04	1	244254023	246751473	1026	-0.0129
TCGA-09-0364-01A-02D-0508-04	1	246753652	246875016	34	0.3078
TCGA-09-0364-01A-02D-0508-04	1	246878405	247186514	95	-0.1024
TCGA-09-0364-01A-02D-0508-04	10	126361	26386157	9481	-0.4873
TCGA-09-0364-01A-02D-0508-04	10	26388466	26390878	3	-1.2887
TCGA-09-0364-01A-02D-0508-04	10	26392771	27038538	245	-0.4665
TCGA-09-0364-01A-02D-0508-04	10	27040181	27041812	2	-4.5612
TCGA-09-0364-01A-02D-0508-04	10	27043861	33061168	2157	-0.4621
TCGA-09-0364-01A-02D-0508-04	10	33062421	33069701	2	0.3844
TCGA-09-0364-01A-02D-0508-04	10	33070122	44168332	2169	-0.4776
TCGA-09-0364-01A-02D-0508-04	10	44170398	44971748	220	-1.1718
TCGA-09-0364-01A-02D-0508-04	10	44979017	65372305	5470	-0.4788
TCGA-09-0364-01A-02D-0508-04	10	65382626	65424035	7	-1.221
TCGA-09-0364-01A-02D-0508-04	10	65434375	69137638	1086	-0.4774
TCGA-09-0364-01A-02D-0508-04	10	69140321	77917893	3750	0.0192
TCGA-09-0364-01A-02D-0508-04	10	77926390	77928738	3	-1.7303
TCGA-09-0364-01A-02D-0508-04	10	77936034	113073027	12195	-0.008
TCGA-09-0364-01A-02D-0508-04	10	113078227	113105526	8	-1.2153
TCGA-09-0364-01A-02D-0508-04	10	113111219	124271613	4105	8e-04
TCGA-09-0364-01A-02D-0508-04	10	124274304	132797428	2969	-0.515
TCGA-09-0364-01A-02D-0508-04	10	132799212	132801463	2	-3.0734
TCGA-09-0364-01A-02D-0508-04	10	132802775	135285645	934	-0.5015
TCGA-09-0364-01A-02D-0508-04	11	187649	1936194	693	0.2432
TCGA-09-0364-01A-02D-0508-04	11	1938622	10107578	3340	-0.0383
TCGA-09-0364-01A-02D-0508-04	11	10117073	10119223	3	-1.2766
TCGA-09-0364-01A-02D-0508-04	11	10120884	10122176	2	-1.6568
TCGA-09-0364-01A-02D-0508-04	11	10123676	10123676	1	NA
TCGA-09-0364-01A-02D-0508-04	11	10126250	10529957	160	-0.0273
TCGA-09-0364-01A-02D-0508-04	11	10531624	10542217	6	-0.6407
TCGA-09-0364-01A-02D-0508-04	11	10543621	15888591	1899	-0.0131
TCGA-09-0364-01A-02D-0508-04	11	15892287	15938876	11	-0.5048
TCGA-09-0364-01A-02D-0508-04	11	15940828	18217970	982	-0.0033
TCGA-09-0364-01A-02D-0508-04	11	18220064	18241608	11	-0.4953
TCGA-09-0364-01A-02D-0508-04	11	18243946	18243946	1	NA
TCGA-09-0364-01A-02D-0508-04	11	18248086	27650012	2919	-0.0172
TCGA-09-0364-01A-02D-0508-04	11	27651562	27670966	8	-0.4664
TCGA-09-0364-01A-02D-0508-04	11	27672491	55123719	6870	-0.0108
TCGA-09-0364-01A-02D-0508-04	11	55124730	55209626	38	0.3565
TCGA-09-0364-01A-02D-0508-04	11	55217189	64477099	3748	-0.015
TCGA-09-0364-01A-02D-0508-04	11	64479035	64510166	13	-0.5674
TCGA-09-0364-01A-02D-0508-04	11	64511993	64511993	1	NA
TCGA-09-0364-01A-02D-0508-04	11	64514634	66463477	876	0.001
TCGA-09-0364-01A-02D-0508-04	11	66468725	66469412	2	1.0393
TCGA-09-0364-01A-02D-0508-04	11	66473397	69750801	1073	-0.0041
TCGA-09-0364-01A-02D-0508-04	11	69754380	69760985	2	-1.2213
TCGA-09-0364-01A-02D-0508-04	11	69763368	99025912	9779	-0.0105
TCGA-09-0364-01A-02D-0508-04	11	99027331	99074552	22	0.2311
TCGA-09-0364-01A-02D-0508-04	11	99076224	100725927	573	-0.0163
TCGA-09-0364-01A-02D-0508-04	11	100739209	102152400	527	-0.4184
TCGA-09-0364-01A-02D-0508-04	11	102154078	102362209	93	-0.0056
TCGA-09-0364-01A-02D-0508-04	11	102366085	102404396	8	-0.7123
TCGA-09-0364-01A-02D-0508-04	11	102405972	106727920	1317	-0.4695
TCGA-09-0364-01A-02D-0508-04	11	106729616	106787321	23	-0.1779
TCGA-09-0364-01A-02D-0508-04	11	106789265	107157031	170	-0.4521
TCGA-09-0364-01A-02D-0508-04	11	107160270	107176389	8	0.061
TCGA-09-0364-01A-02D-0508-04	11	107177546	134450318	10125	-0.4863
TCGA-09-0364-01A-02D-0508-04	12	33854	2106791	919	0.9726
TCGA-09-0364-01A-02D-0508-04	12	2109441	2109441	1	NA
TCGA-09-0364-01A-02D-0508-04	12	2115933	2127537	7	0.4145
TCGA-09-0364-01A-02D-0508-04	12	2128807	2189476	30	0.8974
TCGA-09-0364-01A-02D-0508-04	12	2191840	9523923	2785	1.1289
TCGA-09-0364-01A-02D-0508-04	12	9528590	9554149	5	2.4591
TCGA-09-0364-01A-02D-0508-04	12	9555181	9599999	8	1.521
TCGA-09-0364-01A-02D-0508-04	12	9604633	13316598	1492	1.1418
TCGA-09-0364-01A-02D-0508-04	12	13321089	13323673	2	0.1251
TCGA-09-0364-01A-02D-0508-04	12	13326566	24315531	3608	0.6167
TCGA-09-0364-01A-02D-0508-04	12	24319177	24319177	1	NA
TCGA-09-0364-01A-02D-0508-04	12	24320938	24738490	170	0.8224
TCGA-09-0364-01A-02D-0508-04	12	24748321	28952458	1527	0.6251
TCGA-09-0364-01A-02D-0508-04	12	28957034	31132762	600	0.3193
TCGA-09-0364-01A-02D-0508-04	12	31169263	31237505	17	0.8972
TCGA-09-0364-01A-02D-0508-04	12	31242528	32846574	668	0.3624
TCGA-09-0364-01A-02D-0508-04	12	32847202	32903519	24	0.6836
TCGA-09-0364-01A-02D-0508-04	12	32907663	32907663	1	NA
TCGA-09-0364-01A-02D-0508-04	12	32911771	34196129	293	0.3248
TCGA-09-0364-01A-02D-0508-04	12	34200106	36858944	32	-0.0278
TCGA-09-0364-01A-02D-0508-04	12	36874609	37052371	29	0.367
TCGA-09-0364-01A-02D-0508-04	12	37071423	38747626	511	0.5938
TCGA-09-0364-01A-02D-0508-04	12	38750399	38894366	37	0.2786
TCGA-09-0364-01A-02D-0508-04	12	38896869	43046222	1420	0.5999
TCGA-09-0364-01A-02D-0508-04	12	43050260	43996711	357	0.3341
TCGA-09-0364-01A-02D-0508-04	12	44002502	47353644	1072	0.0186
TCGA-09-0364-01A-02D-0508-04	12	47354533	47440155	43	0.2741
TCGA-09-0364-01A-02D-0508-04	12	47440942	47646565	111	0.0061
TCGA-09-0364-01A-02D-0508-04	12	47648964	48486678	368	-0.4421
TCGA-09-0364-01A-02D-0508-04	12	48488036	51976279	1565	0.3302
TCGA-09-0364-01A-02D-0508-04	12	51979261	55606972	1526	-0.4445
TCGA-09-0364-01A-02D-0508-04	12	55609548	56840951	562	-6e-04
TCGA-09-0364-01A-02D-0508-04	12	56851707	58932912	467	0.3193
TCGA-09-0364-01A-02D-0508-04	12	58936175	60794494	433	-0.4912
TCGA-09-0364-01A-02D-0508-04	12	60796393	60805568	6	-1.2342
TCGA-09-0364-01A-02D-0508-04	12	60807218	62848018	690	-0.4372
TCGA-09-0364-01A-02D-0508-04	12	62849928	63327970	220	0.0399
TCGA-09-0364-01A-02D-0508-04	12	63330914	64813839	578	-0.4303
TCGA-09-0364-01A-02D-0508-04	12	64817008	67100030	700	0.3565
TCGA-09-0364-01A-02D-0508-04	12	67105106	70663433	1443	0.8536
TCGA-09-0364-01A-02D-0508-04	12	70664964	71361553	268	0.5791
TCGA-09-0364-01A-02D-0508-04	12	71363623	77505835	1487	-0.4501
TCGA-09-0364-01A-02D-0508-04	12	77518440	77579531	11	-0.0026
TCGA-09-0364-01A-02D-0508-04	12	77586860	78600269	438	0.3281
TCGA-09-0364-01A-02D-0508-04	12	78601791	78676440	22	-0.5166
TCGA-09-0364-01A-02D-0508-04	12	78679297	78686371	4	0.1334
TCGA-09-0364-01A-02D-0508-04	12	78688893	94460210	4518	-0.4815
TCGA-09-0364-01A-02D-0508-04	12	94462910	94462910	1	NA
TCGA-09-0364-01A-02D-0508-04	12	94464340	94479686	6	0.0562
TCGA-09-0364-01A-02D-0508-04	12	94482550	98316278	1396	0.559
TCGA-09-0364-01A-02D-0508-04	12	98318378	98320165	3	-0.4393
TCGA-09-0364-01A-02D-0508-04	12	98327582	98329755	2	NA
TCGA-09-0364-01A-02D-0508-04	12	98330875	110666479	4787	0.523
TCGA-09-0364-01A-02D-0508-04	12	110668504	110799506	55	1.0659
TCGA-09-0364-01A-02D-0508-04	12	110802429	110802429	1	NA
TCGA-09-0364-01A-02D-0508-04	12	110803956	111986538	492	0.5816
TCGA-09-0364-01A-02D-0508-04	12	111989410	112004173	8	0.0517
TCGA-09-0364-01A-02D-0508-04	12	112008821	120805873	3240	0.5253
TCGA-09-0364-01A-02D-0508-04	12	120806897	120810710	2	-0.5039
TCGA-09-0364-01A-02D-0508-04	12	120812093	126053099	1857	0.6035
TCGA-09-0364-01A-02D-0508-04	12	126054936	126059767	2	-0.5213
TCGA-09-0364-01A-02D-0508-04	12	126064824	126068451	2	0.3485
TCGA-09-0364-01A-02D-0508-04	12	126072577	126647991	96	0.7544
TCGA-09-0364-01A-02D-0508-04	12	126650825	130943064	1583	0.5029
TCGA-09-0364-01A-02D-0508-04	12	130944468	130946248	2	2.4587
TCGA-09-0364-01A-02D-0508-04	12	130947790	132018340	448	0.5363
TCGA-09-0364-01A-02D-0508-04	12	132019652	132289090	102	1.1347
TCGA-09-0364-01A-02D-0508-04	13	18194544	23348229	1720	-0.453
TCGA-09-0364-01A-02D-0508-04	13	23350520	24043107	263	0.2247
TCGA-09-0364-01A-02D-0508-04	13	24063136	24068006	3	0.8259
TCGA-09-0364-01A-02D-0508-04	13	24069683	27589262	1484	0.285
TCGA-09-0364-01A-02D-0508-04	13	27591531	27594567	2	-1.1994
TCGA-09-0364-01A-02D-0508-04	13	27604497	32980558	2106	0.3316
TCGA-09-0364-01A-02D-0508-04	13	32982333	33060834	26	0.0179
TCGA-09-0364-01A-02D-0508-04	13	33063388	40474056	2742	0.3221
TCGA-09-0364-01A-02D-0508-04	13	40475380	53582699	5157	0.6145
TCGA-09-0364-01A-02D-0508-04	13	53586708	54373780	147	0.9451
TCGA-09-0364-01A-02D-0508-04	13	54388964	55726637	213	0.5127
TCGA-09-0364-01A-02D-0508-04	13	55732015	55831074	21	0.9538
TCGA-09-0364-01A-02D-0508-04	13	55837562	56227638	67	0.5324
TCGA-09-0364-01A-02D-0508-04	13	56242758	56303008	7	1.1649
TCGA-09-0364-01A-02D-0508-04	13	56311706	56568753	52	0.941
TCGA-09-0364-01A-02D-0508-04	13	56572899	56663137	20	0.5286
TCGA-09-0364-01A-02D-0508-04	13	56664197	56686863	11	0.8804
TCGA-09-0364-01A-02D-0508-04	13	56688605	57074727	71	0.5315
TCGA-09-0364-01A-02D-0508-04	13	57079893	68138912	2621	-0.0228
TCGA-09-0364-01A-02D-0508-04	13	68142120	68163523	11	0.3109
TCGA-09-0364-01A-02D-0508-04	13	68167758	68968011	179	-0.0319
TCGA-09-0364-01A-02D-0508-04	13	68978733	69181378	44	0.6141
TCGA-09-0364-01A-02D-0508-04	13	69182637	69182637	1	NA
TCGA-09-0364-01A-02D-0508-04	13	69186187	69188673	2	0.2317
TCGA-09-0364-01A-02D-0508-04	13	69189804	89659397	5323	0.998
TCGA-09-0364-01A-02D-0508-04	13	89661345	89662326	2	2.5546
TCGA-09-0364-01A-02D-0508-04	13	89663261	100690991	4785	0.9984
TCGA-09-0364-01A-02D-0508-04	13	100692746	100693892	2	-3.7219
TCGA-09-0364-01A-02D-0508-04	13	100695073	107004737	1895	1.0387
TCGA-09-0364-01A-02D-0508-04	13	107005520	107129327	71	0.7869
TCGA-09-0364-01A-02D-0508-04	13	107131320	107181600	31	1.1077
TCGA-09-0364-01A-02D-0508-04	13	107183503	107352307	83	0.7829
TCGA-09-0364-01A-02D-0508-04	13	107356072	109655279	747	0.3082
TCGA-09-0364-01A-02D-0508-04	13	109657139	112648590	1111	-0.0797
TCGA-09-0364-01A-02D-0508-04	13	112654227	113474906	381	-0.4543
TCGA-09-0364-01A-02D-0508-04	13	113479204	113479204	1	NA
TCGA-09-0364-01A-02D-0508-04	13	113482873	113502465	8	-0.0133
TCGA-09-0364-01A-02D-0508-04	13	113505943	114123340	234	-0.4673
TCGA-09-0364-01A-02D-0508-04	14	18446762	18544772	6	0.623
TCGA-09-0364-01A-02D-0508-04	14	18798641	19490630	52	0.1164
TCGA-09-0364-01A-02D-0508-04	14	19492531	21444352	954	0.3515
TCGA-09-0364-01A-02D-0508-04	14	21445390	22051630	301	0.6418
TCGA-09-0364-01A-02D-0508-04	14	22052799	22544260	221	0.3501
TCGA-09-0364-01A-02D-0508-04	14	22545671	22552528	6	0.8043
TCGA-09-0364-01A-02D-0508-04	14	22554737	29921511	2163	0.3142
TCGA-09-0364-01A-02D-0508-04	14	29925314	29990135	13	-0.0272
TCGA-09-0364-01A-02D-0508-04	14	29993780	34674458	2034	0.3658
TCGA-09-0364-01A-02D-0508-04	14	34676390	34683810	3	1.3469
TCGA-09-0364-01A-02D-0508-04	14	34685308	36770415	879	0.3532
TCGA-09-0364-01A-02D-0508-04	14	36771449	40676611	1016	0.6025
TCGA-09-0364-01A-02D-0508-04	14	40680589	40704122	5	-0.1115
TCGA-09-0364-01A-02D-0508-04	14	40712006	50019866	2316	0.5573
TCGA-09-0364-01A-02D-0508-04	14	50022547	51839000	738	0.3047
TCGA-09-0364-01A-02D-0508-04	14	51840025	53651980	586	0.6055
TCGA-09-0364-01A-02D-0508-04	14	53657493	62696332	3475	0.3053
TCGA-09-0364-01A-02D-0508-04	14	62711210	73061942	4651	-0.0388
TCGA-09-0364-01A-02D-0508-04	14	73071404	73112029	13	-0.4338
TCGA-09-0364-01A-02D-0508-04	14	73112042	90324694	6147	-0.0697
TCGA-09-0364-01A-02D-0508-04	14	90328206	90335023	4	-1.2102
TCGA-09-0364-01A-02D-0508-04	14	90337807	98245828	2978	-0.0945
TCGA-09-0364-01A-02D-0508-04	14	98248228	98264620	8	-0.5772
TCGA-09-0364-01A-02D-0508-04	14	98266540	105594189	3071	-0.0881
TCGA-09-0364-01A-02D-0508-04	14	105595302	105681007	16	0.3765
TCGA-09-0364-01A-02D-0508-04	14	105703388	105948347	70	-0.1416
TCGA-09-0364-01A-02D-0508-04	14	105951399	105989160	13	-1.3396
TCGA-09-0364-01A-02D-0508-04	14	105994646	106358491	146	-0.1026
TCGA-09-0364-01A-02D-0508-04	15	18362555	37019640	5257	-0.1444
TCGA-09-0364-01A-02D-0508-04	15	37023777	37064662	10	-0.5561
TCGA-09-0364-01A-02D-0508-04	15	37066708	38914959	789	-0.0821
TCGA-09-0364-01A-02D-0508-04	15	38918454	38971237	30	-0.5305
TCGA-09-0364-01A-02D-0508-04	15	38974069	44609417	2524	-0.098
TCGA-09-0364-01A-02D-0508-04	15	44614194	44628905	2	-1.0517
TCGA-09-0364-01A-02D-0508-04	15	44635963	48214800	1550	-0.1215
TCGA-09-0364-01A-02D-0508-04	15	48216641	48299253	32	-0.5743
TCGA-09-0364-01A-02D-0508-04	15	48301638	49415169	507	-0.0877
TCGA-09-0364-01A-02D-0508-04	15	49416568	49469977	30	-0.7069
TCGA-09-0364-01A-02D-0508-04	15	49471028	53441637	1570	-0.1003
TCGA-09-0364-01A-02D-0508-04	15	53442883	53443742	2	-1.0405
TCGA-09-0364-01A-02D-0508-04	15	53444740	59468560	2678	-0.0952
TCGA-09-0364-01A-02D-0508-04	15	59475528	59483715	3	-0.8294
TCGA-09-0364-01A-02D-0508-04	15	59488251	63287459	1739	-0.0972
TCGA-09-0364-01A-02D-0508-04	15	63288849	63303967	8	-0.6131
TCGA-09-0364-01A-02D-0508-04	15	63305589	98232932	13677	-0.1184
TCGA-09-0364-01A-02D-0508-04	15	98234519	98239454	3	-1.0691
TCGA-09-0364-01A-02D-0508-04	15	98243586	98309561	20	0.0299
TCGA-09-0364-01A-02D-0508-04	15	98311498	99632987	617	-0.1725
TCGA-09-0364-01A-02D-0508-04	15	99634434	99635701	2	1.4507
TCGA-09-0364-01A-02D-0508-04	15	99636724	100298352	272	-0.1832
TCGA-09-0364-01A-02D-0508-04	16	33628	21258019	7255	0.2086
TCGA-09-0364-01A-02D-0508-04	16	21382540	21501073	10	-0.3549
TCGA-09-0364-01A-02D-0508-04	16	21504151	22338034	283	0.2425
TCGA-09-0364-01A-02D-0508-04	16	22541389	22609825	10	-0.3064
TCGA-09-0364-01A-02D-0508-04	16	22617217	22617217	1	NA
TCGA-09-0364-01A-02D-0508-04	16	22625780	31862577	3013	0.2001
TCGA-09-0364-01A-02D-0508-04	16	32379126	33868686	52	-0.4046
TCGA-09-0364-01A-02D-0508-04	16	34054713	34056516	2	NA
TCGA-09-0364-01A-02D-0508-04	16	34058222	54287873	3044	0.2355
TCGA-09-0364-01A-02D-0508-04	16	54290183	54478841	63	-0.0549
TCGA-09-0364-01A-02D-0508-04	16	54480444	64827378	2810	0.2085
TCGA-09-0364-01A-02D-0508-04	16	64837387	67107620	1061	-0.108
TCGA-09-0364-01A-02D-0508-04	16	67113059	68693086	695	0.3014
TCGA-09-0364-01A-02D-0508-04	16	68710277	68753209	10	-0.3247
TCGA-09-0364-01A-02D-0508-04	16	68838384	72918129	1453	0.2379
TCGA-09-0364-01A-02D-0508-04	16	72929786	72956298	5	-0.5117
TCGA-09-0364-01A-02D-0508-04	16	72963578	72963578	1	NA
TCGA-09-0364-01A-02D-0508-04	16	72964783	73787149	317	0.2421
TCGA-09-0364-01A-02D-0508-04	16	73789765	73812685	10	-0.1905
TCGA-09-0364-01A-02D-0508-04	16	73815706	76925748	1041	0.2143
TCGA-09-0364-01A-02D-0508-04	16	76929598	76940218	8	1.1403
TCGA-09-0364-01A-02D-0508-04	16	76942679	88690571	4513	0.1918
TCGA-09-0364-01A-02D-0508-04	17	47546	1028979	417	-0.4683
TCGA-09-0364-01A-02D-0508-04	17	1030715	1030766	2	0.9465
TCGA-09-0364-01A-02D-0508-04	17	1031233	15727076	5883	-0.4777
TCGA-09-0364-01A-02D-0508-04	17	15731356	15733964	2	-3.149
TCGA-09-0364-01A-02D-0508-04	17	15737241	21123341	1816	-0.4539
TCGA-09-0364-01A-02D-0508-04	17	21126878	21201106	30	-0.6688
TCGA-09-0364-01A-02D-0508-04	17	21204422	21243246	18	-0.4443
TCGA-09-0364-01A-02D-0508-04	17	21244934	21318207	18	-0.6995
TCGA-09-0364-01A-02D-0508-04	17	21325758	31461588	3852	-0.4512
TCGA-09-0364-01A-02D-0508-04	17	31462463	31503774	18	-0.8762
TCGA-09-0364-01A-02D-0508-04	17	31889566	32828797	365	-0.4368
TCGA-09-0364-01A-02D-0508-04	17	32830127	32832642	2	-3.1043
TCGA-09-0364-01A-02D-0508-04	17	32833765	36673853	1448	-0.4259
TCGA-09-0364-01A-02D-0508-04	17	36675987	36684619	6	-1.852
TCGA-09-0364-01A-02D-0508-04	17	36686013	36686013	1	NA
TCGA-09-0364-01A-02D-0508-04	17	36687917	41566540	2031	-0.4313
TCGA-09-0364-01A-02D-0508-04	17	41568539	41700762	41	-0.878
TCGA-09-0364-01A-02D-0508-04	17	41702238	41702238	1	NA
TCGA-09-0364-01A-02D-0508-04	17	41704093	57119828	5479	-0.4542
TCGA-09-0364-01A-02D-0508-04	17	57125561	57153730	11	0.2276
TCGA-09-0364-01A-02D-0508-04	17	57155429	69677175	4403	-0.0111
TCGA-09-0364-01A-02D-0508-04	17	69683073	77850243	3429	0.3175
TCGA-09-0364-01A-02D-0508-04	17	77854695	77897058	19	-2.2156
TCGA-09-0364-01A-02D-0508-04	17	77898196	78653545	342	0.3163
TCGA-09-0364-01A-02D-0508-04	18	4316	500897	175	0.0207
TCGA-09-0364-01A-02D-0508-04	18	503208	505456	2	1.2105
TCGA-09-0364-01A-02D-0508-04	18	506827	17813611	5274	0.0222
TCGA-09-0364-01A-02D-0508-04	18	17825691	17880323	17	-0.4594
TCGA-09-0364-01A-02D-0508-04	18	17883084	34423703	5084	8e-04
TCGA-09-0364-01A-02D-0508-04	18	34427487	34434496	2	NA
TCGA-09-0364-01A-02D-0508-04	18	34445846	53092949	5645	-0.4888
TCGA-09-0364-01A-02D-0508-04	18	53097842	53099601	2	0.9137
TCGA-09-0364-01A-02D-0508-04	18	53101512	55768717	1085	-0.468
TCGA-09-0364-01A-02D-0508-04	18	55770229	55874141	43	-1.1797
TCGA-09-0364-01A-02D-0508-04	18	55877681	62746197	1840	-0.4828
TCGA-09-0364-01A-02D-0508-04	18	62748006	62748006	1	NA
TCGA-09-0364-01A-02D-0508-04	18	62751796	67619025	1184	-0.0324
TCGA-09-0364-01A-02D-0508-04	18	67627281	76116026	2610	0.2828
TCGA-09-0364-01A-02D-0508-04	19	210395	6672905	2991	-0.428
TCGA-09-0364-01A-02D-0508-04	19	6674276	15531257	4015	0.2738
TCGA-09-0364-01A-02D-0508-04	19	15532615	16513186	431	-0.0574
TCGA-09-0364-01A-02D-0508-04	19	16515296	16854254	169	0.5167
TCGA-09-0364-01A-02D-0508-04	19	16856147	16858458	2	-0.462
TCGA-09-0364-01A-02D-0508-04	19	16860504	19128397	1098	0.5203
TCGA-09-0364-01A-02D-0508-04	19	19131495	19779732	352	-0.0105
TCGA-09-0364-01A-02D-0508-04	19	19781237	52031800	8550	0.2836
TCGA-09-0364-01A-02D-0508-04	19	52033051	54166409	1036	-0.0481
TCGA-09-0364-01A-02D-0508-04	19	54167848	54193195	14	0.3128
TCGA-09-0364-01A-02D-0508-04	19	54194680	55769042	697	-0.0427
TCGA-09-0364-01A-02D-0508-04	19	55770195	55772729	2	-2.3724
TCGA-09-0364-01A-02D-0508-04	19	55776055	56823430	516	-0.0872
TCGA-09-0364-01A-02D-0508-04	19	56825794	56840346	8	-1.2501
TCGA-09-0364-01A-02D-0508-04	19	56842447	59414898	1174	-0.043
TCGA-09-0364-01A-02D-0508-04	19	59421197	59434202	10	-0.8369
TCGA-09-0364-01A-02D-0508-04	19	59440262	59523778	39	-0.2871
TCGA-09-0364-01A-02D-0508-04	19	59525013	63116783	1621	-0.0418
TCGA-09-0364-01A-02D-0508-04	19	63118396	63788698	334	0.2652
TCGA-09-0364-01A-02D-0508-04	2	7019	20229868	5875	0.5603
TCGA-09-0364-01A-02D-0508-04	2	20231737	20236210	3	-0.2516
TCGA-09-0364-01A-02D-0508-04	2	20237659	31959635	4467	0.5952
TCGA-09-0364-01A-02D-0508-04	2	31961903	32025993	31	0.1306
TCGA-09-0364-01A-02D-0508-04	2	32026843	34542224	1145	0.6059
TCGA-09-0364-01A-02D-0508-04	2	34543992	34582272	17	0.2777
TCGA-09-0364-01A-02D-0508-04	2	34583814	35821494	486	0.5919
TCGA-09-0364-01A-02D-0508-04	2	35841255	35844884	2	-0.7347
TCGA-09-0364-01A-02D-0508-04	2	35851593	35851593	1	NA
TCGA-09-0364-01A-02D-0508-04	2	35853977	37775420	870	0.6183
TCGA-09-0364-01A-02D-0508-04	2	37776576	37858379	35	0.3044
TCGA-09-0364-01A-02D-0508-04	2	37859985	67235410	10577	0.6086
TCGA-09-0364-01A-02D-0508-04	2	67241932	67332747	29	0.4031
TCGA-09-0364-01A-02D-0508-04	2	67335668	67445316	20	0.6441
TCGA-09-0364-01A-02D-0508-04	2	67453903	89877995	6794	0.3274
TCGA-09-0364-01A-02D-0508-04	2	89879264	94892766	21	0.0017
TCGA-09-0364-01A-02D-0508-04	2	94920265	95722700	221	0.3139
TCGA-09-0364-01A-02D-0508-04	2	95796016	95974614	3	-0.5513
TCGA-09-0364-01A-02D-0508-04	2	96103035	97128607	391	0.3094
TCGA-09-0364-01A-02D-0508-04	2	97152330	97241094	8	-0.1256
TCGA-09-0364-01A-02D-0508-04	2	97379946	100383897	1132	0.3059
TCGA-09-0364-01A-02D-0508-04	2	100386277	102391250	825	-0.0237
TCGA-09-0364-01A-02D-0508-04	2	102394868	102427923	17	-0.4162
TCGA-09-0364-01A-02D-0508-04	2	102430389	106244482	940	-0.0439
TCGA-09-0364-01A-02D-0508-04	2	106247167	106250718	2	-1.6346
TCGA-09-0364-01A-02D-0508-04	2	106253229	114040902	1830	-0.0055
TCGA-09-0364-01A-02D-0508-04	2	114099124	114104351	2	-0.8878
TCGA-09-0364-01A-02D-0508-04	2	114138923	119469087	1387	-0.0397
TCGA-09-0364-01A-02D-0508-04	2	119479724	119538474	10	-0.443
TCGA-09-0364-01A-02D-0508-04	2	119549497	132405798	3211	-0.0448
TCGA-09-0364-01A-02D-0508-04	2	132724793	132750789	8	-0.5215
TCGA-09-0364-01A-02D-0508-04	2	132753228	139495329	2404	-0.0104
TCGA-09-0364-01A-02D-0508-04	2	139507669	141685845	667	0.2953
TCGA-09-0364-01A-02D-0508-04	2	141688878	154601442	3850	-0.0159
TCGA-09-0364-01A-02D-0508-04	2	154605621	154606943	2	0.9899
TCGA-09-0364-01A-02D-0508-04	2	154608095	166940092	4147	0.0087
TCGA-09-0364-01A-02D-0508-04	2	166941920	166986470	21	-0.4524
TCGA-09-0364-01A-02D-0508-04	2	166987936	194963485	9122	0.0083
TCGA-09-0364-01A-02D-0508-04	2	194968936	195017484	10	-0.5667
TCGA-09-0364-01A-02D-0508-04	2	195024793	196200118	191	-0.0431
TCGA-09-0364-01A-02D-0508-04	2	196202634	196327318	54	-0.4226
TCGA-09-0364-01A-02D-0508-04	2	196329047	206898323	4120	0.0137
TCGA-09-0364-01A-02D-0508-04	2	206899370	206910570	5	0.4705
TCGA-09-0364-01A-02D-0508-04	2	206914529	208057199	439	-0.0043
TCGA-09-0364-01A-02D-0508-04	2	208061390	208066245	2	-4.4239
TCGA-09-0364-01A-02D-0508-04	2	208071101	212890878	1741	0.0086
TCGA-09-0364-01A-02D-0508-04	2	212892884	212898875	4	-1.4214
TCGA-09-0364-01A-02D-0508-04	2	212900857	220931555	3063	-0.0173
TCGA-09-0364-01A-02D-0508-04	2	220934705	221358072	102	-0.4949
TCGA-09-0364-01A-02D-0508-04	2	221363605	242689978	7523	-0.0105
TCGA-09-0364-01A-02D-0508-04	20	12719	1506379	586	-0.4877
TCGA-09-0364-01A-02D-0508-04	20	1511632	1516966	3	-1.5387
TCGA-09-0364-01A-02D-0508-04	20	1518825	1531162	6	-3.2711
TCGA-09-0364-01A-02D-0508-04	20	1532433	3801300	946	-0.4605
TCGA-09-0364-01A-02D-0508-04	20	3803607	4960083	480	-0.1025
TCGA-09-0364-01A-02D-0508-04	20	4962570	4964979	2	-1.1486
TCGA-09-0364-01A-02D-0508-04	20	4968420	17416849	4255	-0.1178
TCGA-09-0364-01A-02D-0508-04	20	17419034	17473491	30	0.1518
TCGA-09-0364-01A-02D-0508-04	20	17477816	29496085	2820	-0.1366
TCGA-09-0364-01A-02D-0508-04	20	29501315	29518550	10	-0.5085
TCGA-09-0364-01A-02D-0508-04	20	29520427	39447606	3840	-0.0942
TCGA-09-0364-01A-02D-0508-04	20	39449926	48348043	3530	0.2786
TCGA-09-0364-01A-02D-0508-04	20	48349842	55907126	2370	0.5234
TCGA-09-0364-01A-02D-0508-04	20	55910323	56896329	438	0.2497
TCGA-09-0364-01A-02D-0508-04	20	56898026	56899350	2	-0.7262
TCGA-09-0364-01A-02D-0508-04	20	56901438	62419534	2261	0.2774
TCGA-09-0364-01A-02D-0508-04	21	9882922	9882922	1	NA
TCGA-09-0364-01A-02D-0508-04	21	9886732	10167413	21	-0.551
TCGA-09-0364-01A-02D-0508-04	21	13342486	13435755	2	0.8164
TCGA-09-0364-01A-02D-0508-04	21	13562263	33604797	6892	-0.0468
TCGA-09-0364-01A-02D-0508-04	21	33605809	33618358	6	0.3986
TCGA-09-0364-01A-02D-0508-04	21	33620197	36789648	1623	-0.0482
TCGA-09-0364-01A-02D-0508-04	21	36790648	36791668	2	1.148
TCGA-09-0364-01A-02D-0508-04	21	36792708	36792708	1	NA
TCGA-09-0364-01A-02D-0508-04	21	36793649	37276671	238	-0.0622
TCGA-09-0364-01A-02D-0508-04	21	37283803	37296099	6	-0.6136
TCGA-09-0364-01A-02D-0508-04	21	37298237	38912383	845	-0.0744
TCGA-09-0364-01A-02D-0508-04	21	38914357	38992188	40	-0.5826
TCGA-09-0364-01A-02D-0508-04	21	39001027	46922972	3764	-0.0729
TCGA-09-0364-01A-02D-0508-04	22	14513474	14513474	1	NA
TCGA-09-0364-01A-02D-0508-04	22	14866086	22157553	2774	-0.4494
TCGA-09-0364-01A-02D-0508-04	22	22158520	22179341	12	-0.9698
TCGA-09-0364-01A-02D-0508-04	22	22183815	22667608	196	-0.4521
TCGA-09-0364-01A-02D-0508-04	22	22677959	22725305	22	0.037
TCGA-09-0364-01A-02D-0508-04	22	22735036	35472378	6547	-0.4707
TCGA-09-0364-01A-02D-0508-04	22	35474894	35476942	2	1.3184
TCGA-09-0364-01A-02D-0508-04	22	35478503	37621766	1188	-0.429
TCGA-09-0364-01A-02D-0508-04	22	37624278	37626069	2	-3.2689
TCGA-09-0364-01A-02D-0508-04	22	37633961	48366134	5263	-0.4663
TCGA-09-0364-01A-02D-0508-04	22	48368166	49567768	549	-1.0799
TCGA-09-0364-01A-02D-0508-04	22	49571068	49571068	1	NA
TCGA-09-0364-01A-02D-0508-04	23	1091	94062	6	-0.7361
TCGA-09-0364-01A-02D-0508-04	23	95819	109064	10	-2.207
TCGA-09-0364-01A-02D-0508-04	23	110101	158967	36	-0.7425
TCGA-09-0364-01A-02D-0508-04	23	159609	165816	8	-1.49
TCGA-09-0364-01A-02D-0508-04	23	170802	323296	111	-0.7985
TCGA-09-0364-01A-02D-0508-04	23	323328	1391526	584	-1.0089
TCGA-09-0364-01A-02D-0508-04	23	1393914	1502324	82	-0.7832
TCGA-09-0364-01A-02D-0508-04	23	1504676	2301365	562	-1.0421
TCGA-09-0364-01A-02D-0508-04	23	2302065	2304398	5	-0.0207
TCGA-09-0364-01A-02D-0508-04	23	2306110	2426938	136	-1.1075
TCGA-09-0364-01A-02D-0508-04	23	2428167	2428307	2	0.322
TCGA-09-0364-01A-02D-0508-04	23	2430156	2672401	224	-1.0164
TCGA-09-0364-01A-02D-0508-04	23	2672477	2708291	27	-1.4011
TCGA-09-0364-01A-02D-0508-04	23	2711273	34059014	12012	-0.1994
TCGA-09-0364-01A-02D-0508-04	23	34063487	34065015	2	-1.5659
TCGA-09-0364-01A-02D-0508-04	23	34067328	62153985	7213	-0.1874
TCGA-09-0364-01A-02D-0508-04	23	62159535	62176464	3	-1.8679
TCGA-09-0364-01A-02D-0508-04	23	62181725	95759339	6905	-0.2048
TCGA-09-0364-01A-02D-0508-04	23	95760970	95762974	2	0.7397
TCGA-09-0364-01A-02D-0508-04	23	95765379	103109696	2306	-0.2074
TCGA-09-0364-01A-02D-0508-04	23	103110259	103189107	21	-0.5219
TCGA-09-0364-01A-02D-0508-04	23	103189987	154582414	16670	-0.1957
TCGA-09-0364-01A-02D-0508-04	23	154586690	154837684	168	-1.0697
TCGA-09-0364-01A-02D-0508-04	23	154838626	154888224	33	-0.7672
TCGA-09-0364-01A-02D-0508-04	24	2710450	4174561	129	-3.7003
TCGA-09-0364-01A-02D-0508-04	24	4272867	5593746	11	-1.8079
TCGA-09-0364-01A-02D-0508-04	24	5672441	6720552	8	-4.2771
TCGA-09-0364-01A-02D-0508-04	24	6728131	6749115	8	-5.1224
TCGA-09-0364-01A-02D-0508-04	24	6756250	6775458	9	-2.6466
TCGA-09-0364-01A-02D-0508-04	24	6776801	6792922	5	-5.3891
TCGA-09-0364-01A-02D-0508-04	24	6794058	6804170	9	-3.7512
TCGA-09-0364-01A-02D-0508-04	24	6806469	6818348	5	-1.386
TCGA-09-0364-01A-02D-0508-04	24	6818753	6953343	74	-3.8258
TCGA-09-0364-01A-02D-0508-04	24	6954864	7653082	216	-2.9911
TCGA-09-0364-01A-02D-0508-04	24	7655293	7709619	35	-4.3108
TCGA-09-0364-01A-02D-0508-04	24	7711759	7782532	27	-2.581
TCGA-09-0364-01A-02D-0508-04	24	7784314	8010446	62	-3.1914
TCGA-09-0364-01A-02D-0508-04	24	8016395	8149413	28	-4.3631
TCGA-09-0364-01A-02D-0508-04	24	8155089	8949553	225	-3.4832
TCGA-09-0364-01A-02D-0508-04	24	8953090	8956787	3	-1.5166
TCGA-09-0364-01A-02D-0508-04	24	8958121	10513747	111	-3.9951
TCGA-09-0364-01A-02D-0508-04	24	10515697	11698871	19	-1.0734
TCGA-09-0364-01A-02D-0508-04	24	12452734	12541506	12	-4.0095
TCGA-09-0364-01A-02D-0508-04	24	12542979	12682301	54	-2.1984
TCGA-09-0364-01A-02D-0508-04	24	12687167	12776542	15	-4.0546
TCGA-09-0364-01A-02D-0508-04	24	12786515	12905395	33	-2.8995
TCGA-09-0364-01A-02D-0508-04	24	12909643	12924438	6	-4.4058
TCGA-09-0364-01A-02D-0508-04	24	12925401	13128515	81	-2.3403
TCGA-09-0364-01A-02D-0508-04	24	13129843	13254711	42	-3.1619
TCGA-09-0364-01A-02D-0508-04	24	13256555	14353244	371	-3.862
TCGA-09-0364-01A-02D-0508-04	24	14354682	14382361	17	-2.3712
TCGA-09-0364-01A-02D-0508-04	24	14383746	14388689	5	-4.9205
TCGA-09-0364-01A-02D-0508-04	24	14390028	14524829	72	-3.3394
TCGA-09-0364-01A-02D-0508-04	24	14526446	14579298	24	-2.2399
TCGA-09-0364-01A-02D-0508-04	24	14581797	14598838	6	-4.6012
TCGA-09-0364-01A-02D-0508-04	24	14601309	14700040	17	-2.6803
TCGA-09-0364-01A-02D-0508-04	24	14701706	15058332	69	-3.9951
TCGA-09-0364-01A-02D-0508-04	24	15062957	15208612	61	-3.3893
TCGA-09-0364-01A-02D-0508-04	24	15209166	15277060	35	-2.6526
TCGA-09-0364-01A-02D-0508-04	24	15278175	15408015	85	-4.0118
TCGA-09-0364-01A-02D-0508-04	24	15409110	15687088	107	-3.395
TCGA-09-0364-01A-02D-0508-04	24	15690301	15915466	37	-4.1979
TCGA-09-0364-01A-02D-0508-04	24	15920478	15949457	8	-1.6161
TCGA-09-0364-01A-02D-0508-04	24	15951430	16206224	115	-3.2411
TCGA-09-0364-01A-02D-0508-04	24	16212418	19610243	416	-3.7886
TCGA-09-0364-01A-02D-0508-04	24	19612530	19613864	2	0.3121
TCGA-09-0364-01A-02D-0508-04	24	19614809	22192409	573	-3.7003
TCGA-09-0364-01A-02D-0508-04	24	22200078	22308420	25	-4.8267
TCGA-09-0364-01A-02D-0508-04	24	22367156	22930737	63	-3.6328
TCGA-09-0364-01A-02D-0508-04	24	23283689	57440809	86	-1.3407
TCGA-09-0364-01A-02D-0508-04	3	37075	7003124	2338	-0.4766
TCGA-09-0364-01A-02D-0508-04	3	7005808	7053523	20	-1.2109
TCGA-09-0364-01A-02D-0508-04	3	7056551	19120769	4565	-0.4793
TCGA-09-0364-01A-02D-0508-04	3	19125229	21627911	663	-0.0193
TCGA-09-0364-01A-02D-0508-04	3	21630060	21959271	129	0.2775
TCGA-09-0364-01A-02D-0508-04	3	21962206	22225844	68	-0.0343
TCGA-09-0364-01A-02D-0508-04	3	22227786	22661619	149	0.3309
TCGA-09-0364-01A-02D-0508-04	3	22682444	23865260	345	0.0279
TCGA-09-0364-01A-02D-0508-04	3	23870086	30751038	2100	0.3359
TCGA-09-0364-01A-02D-0508-04	3	30754024	30799954	25	-0.0014
TCGA-09-0364-01A-02D-0508-04	3	30802837	32074432	394	0.3565
TCGA-09-0364-01A-02D-0508-04	3	32077962	32080848	2	-0.929
TCGA-09-0364-01A-02D-0508-04	3	32094956	37595320	1717	0.3312
TCGA-09-0364-01A-02D-0508-04	3	37596605	38111067	263	0.0054
TCGA-09-0364-01A-02D-0508-04	3	38113194	43509998	1935	0.3058
TCGA-09-0364-01A-02D-0508-04	3	43513636	43828419	112	-0.003
TCGA-09-0364-01A-02D-0508-04	3	43840303	53001678	3837	0.3335
TCGA-09-0364-01A-02D-0508-04	3	53003136	53011885	5	-0.4979
TCGA-09-0364-01A-02D-0508-04	3	53014254	58586620	2351	0.3251
TCGA-09-0364-01A-02D-0508-04	3	58588843	58640599	26	-0.027
TCGA-09-0364-01A-02D-0508-04	3	58645459	75479859	5832	0.3266
TCGA-09-0364-01A-02D-0508-04	3	75783255	75875904	18	-0.3676
TCGA-09-0364-01A-02D-0508-04	3	76000715	76064054	15	0.1534
TCGA-09-0364-01A-02D-0508-04	3	76066005	76086048	10	-0.1524
TCGA-09-0364-01A-02D-0508-04	3	76088381	78233302	825	0.3017
TCGA-09-0364-01A-02D-0508-04	3	78237113	78302817	27	-0.0191
TCGA-09-0364-01A-02D-0508-04	3	78305031	89475107	2870	0.2861
TCGA-09-0364-01A-02D-0508-04	3	89477163	89500935	13	-0.6361
TCGA-09-0364-01A-02D-0508-04	3	89502757	101817141	2177	0.3328
TCGA-09-0364-01A-02D-0508-04	3	101818659	101928096	43	1.237
TCGA-09-0364-01A-02D-0508-04	3	101930007	118348441	5119	0.3443
TCGA-09-0364-01A-02D-0508-04	3	118357700	119058604	120	0.5839
TCGA-09-0364-01A-02D-0508-04	3	119066083	119136608	14	0.9291
TCGA-09-0364-01A-02D-0508-04	3	119140936	119320831	28	0.5759
TCGA-09-0364-01A-02D-0508-04	3	119328777	129861428	4246	0.3204
TCGA-09-0364-01A-02D-0508-04	3	129867158	129867158	1	NA
TCGA-09-0364-01A-02D-0508-04	3	129872915	129885779	6	-0.6551
TCGA-09-0364-01A-02D-0508-04	3	129887890	139619103	3468	0.338
TCGA-09-0364-01A-02D-0508-04	3	139620816	139664525	24	0.0113
TCGA-09-0364-01A-02D-0508-04	3	139666341	148542610	2716	0.343
TCGA-09-0364-01A-02D-0508-04	3	148548726	148664085	43	-0.0898
TCGA-09-0364-01A-02D-0508-04	3	148667553	161400042	4112	0.3535
TCGA-09-0364-01A-02D-0508-04	3	161403794	161430738	15	0.0113
TCGA-09-0364-01A-02D-0508-04	3	161432092	161516282	42	0.3805
TCGA-09-0364-01A-02D-0508-04	3	161517711	161652736	93	0.6696
TCGA-09-0364-01A-02D-0508-04	3	161654579	163364841	479	0.3393
TCGA-09-0364-01A-02D-0508-04	3	163370372	163785566	51	-0.0423
TCGA-09-0364-01A-02D-0508-04	3	163794677	164001657	39	0.3835
TCGA-09-0364-01A-02D-0508-04	3	164005577	164005577	1	NA
TCGA-09-0364-01A-02D-0508-04	3	164009321	164027724	5	2.4606
TCGA-09-0364-01A-02D-0508-04	3	164036648	164107951	20	0.8128
TCGA-09-0364-01A-02D-0508-04	3	164112873	176168498	3919	0.3465
TCGA-09-0364-01A-02D-0508-04	3	176171173	176212230	22	-0.097
TCGA-09-0364-01A-02D-0508-04	3	176215033	196822133	7191	0.3436
TCGA-09-0364-01A-02D-0508-04	3	196835413	196940125	22	-0.8159
TCGA-09-0364-01A-02D-0508-04	3	196942158	196961238	9	-0.1433
TCGA-09-0364-01A-02D-0508-04	3	196964180	199329592	953	0.3245
TCGA-09-0364-01A-02D-0508-04	4	34020	95022	19	-0.4094
TCGA-09-0364-01A-02D-0508-04	4	96888	3505498	1245	-0.0472
TCGA-09-0364-01A-02D-0508-04	4	3544254	3604618	24	-0.3478
TCGA-09-0364-01A-02D-0508-04	4	3606632	39380124	9804	-0.065
TCGA-09-0364-01A-02D-0508-04	4	39382435	39387900	4	-1.4028
TCGA-09-0364-01A-02D-0508-04	4	39391819	62202361	5830	-0.0494
TCGA-09-0364-01A-02D-0508-04	4	62206138	62259212	25	-0.5913
TCGA-09-0364-01A-02D-0508-04	4	62260988	63346612	272	-0.0543
TCGA-09-0364-01A-02D-0508-04	4	63357811	63358506	2	-1.0782
TCGA-09-0364-01A-02D-0508-04	4	63360367	64376590	126	-0.1237
TCGA-09-0364-01A-02D-0508-04	4	64381871	64390333	2	-2.4668
TCGA-09-0364-01A-02D-0508-04	4	64398986	68901210	1079	-0.0638
TCGA-09-0364-01A-02D-0508-04	4	68905670	69165814	15	-1.0987
TCGA-09-0364-01A-02D-0508-04	4	69643272	100575705	10632	-0.458
TCGA-09-0364-01A-02D-0508-04	4	100577818	100607370	10	-1.1452
TCGA-09-0364-01A-02D-0508-04	4	100611813	100656722	10	-0.5374
TCGA-09-0364-01A-02D-0508-04	4	100660861	101041602	131	-1.2123
TCGA-09-0364-01A-02D-0508-04	4	101044066	101069939	11	-0.4479
TCGA-09-0364-01A-02D-0508-04	4	101073917	101073917	1	NA
TCGA-09-0364-01A-02D-0508-04	4	101075744	101083497	5	-1.0402
TCGA-09-0364-01A-02D-0508-04	4	101085974	107275274	1905	-0.4471
TCGA-09-0364-01A-02D-0508-04	4	107276428	107284892	6	0.0582
TCGA-09-0364-01A-02D-0508-04	4	107286012	159796169	14715	-0.4627
TCGA-09-0364-01A-02D-0508-04	4	159797573	159916982	54	-0.0023
TCGA-09-0364-01A-02D-0508-04	4	159920078	173224400	3713	-0.4642
TCGA-09-0364-01A-02D-0508-04	4	173226562	173228860	2	1.3525
TCGA-09-0364-01A-02D-0508-04	4	173229983	173660684	193	-0.5035
TCGA-09-0364-01A-02D-0508-04	4	173663054	173666072	2	-3.3221
TCGA-09-0364-01A-02D-0508-04	4	173672958	185968628	3496	-0.4976
TCGA-09-0364-01A-02D-0508-04	4	185970010	185976386	5	-1.3363
TCGA-09-0364-01A-02D-0508-04	4	185979652	191153613	1823	-0.519
TCGA-09-0364-01A-02D-0508-04	5	79142	103014	7	-0.2508
TCGA-09-0364-01A-02D-0508-04	5	105186	829954	221	-0.4925
TCGA-09-0364-01A-02D-0508-04	5	870657	873365	2	-3.2888
TCGA-09-0364-01A-02D-0508-04	5	905462	20722185	6003	-0.5137
TCGA-09-0364-01A-02D-0508-04	5	20724028	20724028	1	NA
TCGA-09-0364-01A-02D-0508-04	5	20726879	20819806	17	-0.1809
TCGA-09-0364-01A-02D-0508-04	5	20824170	21493505	106	-0.5287
TCGA-09-0364-01A-02D-0508-04	5	21559709	21606184	15	0.1484
TCGA-09-0364-01A-02D-0508-04	5	21610433	38864194	4713	-0.4705
TCGA-09-0364-01A-02D-0508-04	5	38866992	46150784	2042	-0.0084
TCGA-09-0364-01A-02D-0508-04	5	49595677	59018725	2861	-1.1853
TCGA-09-0364-01A-02D-0508-04	5	59023517	59864725	334	0.3004
TCGA-09-0364-01A-02D-0508-04	5	59867391	60962853	358	-0.4398
TCGA-09-0364-01A-02D-0508-04	5	60965419	60966754	2	-2.1751
TCGA-09-0364-01A-02D-0508-04	5	60969722	68864742	2367	-0.4531
TCGA-09-0364-01A-02D-0508-04	5	68885350	70405656	4	0.4713
TCGA-09-0364-01A-02D-0508-04	5	70693444	73331203	903	-0.4393
TCGA-09-0364-01A-02D-0508-04	5	73341413	73366615	6	-1.1968
TCGA-09-0364-01A-02D-0508-04	5	73373546	79373393	2220	-0.4481
TCGA-09-0364-01A-02D-0508-04	5	79376392	79429977	24	0.0181
TCGA-09-0364-01A-02D-0508-04	5	79431404	111967460	8884	-0.4738
TCGA-09-0364-01A-02D-0508-04	5	111980809	112774131	343	0.0254
TCGA-09-0364-01A-02D-0508-04	5	112779788	112804431	11	-0.5434
TCGA-09-0364-01A-02D-0508-04	5	112808064	140203440	8636	-0.008
TCGA-09-0364-01A-02D-0508-04	5	140204823	140216524	7	-0.5411
TCGA-09-0364-01A-02D-0508-04	5	140219465	149059781	3227	0.0053
TCGA-09-0364-01A-02D-0508-04	5	149061022	149104403	35	-0.5013
TCGA-09-0364-01A-02D-0508-04	5	149105523	180346557	10299	-0.031
TCGA-09-0364-01A-02D-0508-04	5	180348365	180358977	6	0.7102
TCGA-09-0364-01A-02D-0508-04	5	180362342	180644810	112	-0.0197
TCGA-09-0364-01A-02D-0508-04	6	99130	200350	40	-0.0864
TCGA-09-0364-01A-02D-0508-04	6	202063	240119	16	-0.6447
TCGA-09-0364-01A-02D-0508-04	6	241674	335212	51	-0.1952
TCGA-09-0364-01A-02D-0508-04	6	339279	5999801	2270	-0.0286
TCGA-09-0364-01A-02D-0508-04	6	6007973	8599753	917	0.3383
TCGA-09-0364-01A-02D-0508-04	6	8602957	12538831	1191	0.6215
TCGA-09-0364-01A-02D-0508-04	6	12545104	20677415	2730	0.8303
TCGA-09-0364-01A-02D-0508-04	6	20679158	20964626	131	0.0236
TCGA-09-0364-01A-02D-0508-04	6	20967854	20967854	1	NA
TCGA-09-0364-01A-02D-0508-04	6	20969083	28422566	2619	0.8181
TCGA-09-0364-01A-02D-0508-04	6	28425132	29950805	621	0.2951
TCGA-09-0364-01A-02D-0508-04	6	29962849	30010234	15	-0.256
TCGA-09-0364-01A-02D-0508-04	6	30021908	32558677	1075	0.2997
TCGA-09-0364-01A-02D-0508-04	6	32563252	32563252	1	NA
TCGA-09-0364-01A-02D-0508-04	6	32564884	32605300	9	-2.6032
TCGA-09-0364-01A-02D-0508-04	6	32609525	32633691	7	-1.0367
TCGA-09-0364-01A-02D-0508-04	6	32634977	32711957	27	0.2664
TCGA-09-0364-01A-02D-0508-04	6	32713363	32728487	9	0.8532
TCGA-09-0364-01A-02D-0508-04	6	32731072	44140687	4781	0.3236
TCGA-09-0364-01A-02D-0508-04	6	44143415	44326402	85	-0.032
TCGA-09-0364-01A-02D-0508-04	6	44327661	54035000	3393	0.3512
TCGA-09-0364-01A-02D-0508-04	6	54037199	54042734	3	1.0843
TCGA-09-0364-01A-02D-0508-04	6	54045472	56514681	913	0.3557
TCGA-09-0364-01A-02D-0508-04	6	56517108	56517108	1	NA
TCGA-09-0364-01A-02D-0508-04	6	56518846	57672491	479	0.05
TCGA-09-0364-01A-02D-0508-04	6	57683389	58179621	32	0.2684
TCGA-09-0364-01A-02D-0508-04	6	58249174	58543610	10	0.6815
TCGA-09-0364-01A-02D-0508-04	6	58715277	66508755	1221	0.3176
TCGA-09-0364-01A-02D-0508-04	6	66526496	71286499	1245	-0.0514
TCGA-09-0364-01A-02D-0508-04	6	71287735	72640331	510	-0.4706
TCGA-09-0364-01A-02D-0508-04	6	72642338	72947146	136	-0.0256
TCGA-09-0364-01A-02D-0508-04	6	72948517	73181438	118	-0.535
TCGA-09-0364-01A-02D-0508-04	6	73184214	73855800	277	0.0098
TCGA-09-0364-01A-02D-0508-04	6	73871382	73897227	14	-0.4608
TCGA-09-0364-01A-02D-0508-04	6	73899430	74063230	81	-1.1919
TCGA-09-0364-01A-02D-0508-04	6	74065400	74347380	120	-0.481
TCGA-09-0364-01A-02D-0508-04	6	74351928	74873731	179	0.5951
TCGA-09-0364-01A-02D-0508-04	6	74877145	79015901	1095	0.3372
TCGA-09-0364-01A-02D-0508-04	6	79018959	79018959	1	NA
TCGA-09-0364-01A-02D-0508-04	6	79024557	79091850	13	-3.3911
TCGA-09-0364-01A-02D-0508-04	6	79095415	79627132	75	0.3528
TCGA-09-0364-01A-02D-0508-04	6	79628347	81158171	599	-1.1593
TCGA-09-0364-01A-02D-0508-04	6	81163419	81658978	102	0.2893
TCGA-09-0364-01A-02D-0508-04	6	81669254	81669254	1	NA
TCGA-09-0364-01A-02D-0508-04	6	81676288	103841482	5985	0.5916
TCGA-09-0364-01A-02D-0508-04	6	103845083	103868154	4	-2.6844
TCGA-09-0364-01A-02D-0508-04	6	103873584	106815561	705	0.6224
TCGA-09-0364-01A-02D-0508-04	6	106816335	106935672	45	1.253
TCGA-09-0364-01A-02D-0508-04	6	106942131	106942131	1	NA
TCGA-09-0364-01A-02D-0508-04	6	106944106	107878228	394	0.6493
TCGA-09-0364-01A-02D-0508-04	6	107882367	107921910	19	1.0048
TCGA-09-0364-01A-02D-0508-04	6	107924434	112343675	1906	0.6426
TCGA-09-0364-01A-02D-0508-04	6	112345828	125677708	4060	-0.466
TCGA-09-0364-01A-02D-0508-04	6	125679740	125704228	8	0.0105
TCGA-09-0364-01A-02D-0508-04	6	125708174	139643729	5242	-0.4576
TCGA-09-0364-01A-02D-0508-04	6	139645417	139648318	3	-3.3234
TCGA-09-0364-01A-02D-0508-04	6	139651247	155159371	5241	-0.4406
TCGA-09-0364-01A-02D-0508-04	6	155160734	155163895	3	-4.1847
TCGA-09-0364-01A-02D-0508-04	6	155165959	170753106	5287	-0.4791
TCGA-09-0364-01A-02D-0508-04	7	136373	27325978	9351	-0.0058
TCGA-09-0364-01A-02D-0508-04	7	27327585	27382652	20	-0.4673
TCGA-09-0364-01A-02D-0508-04	7	27391689	38262701	4230	-0.0047
TCGA-09-0364-01A-02D-0508-04	7	38264758	38315044	26	0.3269
TCGA-09-0364-01A-02D-0508-04	7	38317119	48864545	3511	-0.0127
TCGA-09-0364-01A-02D-0508-04	7	48869223	49012219	28	-0.4754
TCGA-09-0364-01A-02D-0508-04	7	49018559	72703706	4795	-0.0317
TCGA-09-0364-01A-02D-0508-04	7	72712123	72811031	44	-0.4055
TCGA-09-0364-01A-02D-0508-04	7	72814236	73183471	116	0.0016
TCGA-09-0364-01A-02D-0508-04	7	73185611	73228291	16	-0.4696
TCGA-09-0364-01A-02D-0508-04	7	73229929	78147687	1341	0.0052
TCGA-09-0364-01A-02D-0508-04	7	78149111	78165263	9	-0.4909
TCGA-09-0364-01A-02D-0508-04	7	78166927	93162991	4961	-0.0059
TCGA-09-0364-01A-02D-0508-04	7	93165160	93168978	2	1.1232
TCGA-09-0364-01A-02D-0508-04	7	93172507	109216032	6510	0.004
TCGA-09-0364-01A-02D-0508-04	7	109217320	109240210	6	0.6037
TCGA-09-0364-01A-02D-0508-04	7	109244233	120923110	5302	0.0095
TCGA-09-0364-01A-02D-0508-04	7	120926561	120945238	10	-0.4599
TCGA-09-0364-01A-02D-0508-04	7	120948482	133433384	5817	-0.006
TCGA-09-0364-01A-02D-0508-04	7	133436265	133448277	8	0.8979
TCGA-09-0364-01A-02D-0508-04	7	133453811	141410894	3700	0.0019
TCGA-09-0364-01A-02D-0508-04	7	141413352	141440184	14	0.4592
TCGA-09-0364-01A-02D-0508-04	7	141442231	141689547	115	-0.0441
TCGA-09-0364-01A-02D-0508-04	7	141690753	141720324	13	-0.5074
TCGA-09-0364-01A-02D-0508-04	7	141721894	141890215	67	-0.0021
TCGA-09-0364-01A-02D-0508-04	7	141892876	141908206	5	-1.1512
TCGA-09-0364-01A-02D-0508-04	7	141914882	147702365	2438	-0.0453
TCGA-09-0364-01A-02D-0508-04	7	147704200	147707161	2	-1.2844
TCGA-09-0364-01A-02D-0508-04	7	147708382	147886470	77	-0.0132
TCGA-09-0364-01A-02D-0508-04	7	147888795	148068017	85	-0.4405
TCGA-09-0364-01A-02D-0508-04	7	148073581	150301118	836	-0.0349
TCGA-09-0364-01A-02D-0508-04	7	150304339	150306801	2	0.8854
TCGA-09-0364-01A-02D-0508-04	7	150308129	151728811	630	-0.0022
TCGA-09-0364-01A-02D-0508-04	7	151730250	151730250	1	NA
TCGA-09-0364-01A-02D-0508-04	7	151732266	151743145	7	-0.7327
TCGA-09-0364-01A-02D-0508-04	7	151745100	158821263	2600	-0.0641
TCGA-09-0364-01A-02D-0508-04	8	151472	581533	119	-0.1081
TCGA-09-0364-01A-02D-0508-04	8	585010	588865	2	-1.8616
TCGA-09-0364-01A-02D-0508-04	8	591112	1488402	285	-0.1447
TCGA-09-0364-01A-02D-0508-04	8	1491491	1499520	4	0.5018
TCGA-09-0364-01A-02D-0508-04	8	1500993	7156900	1982	-0.0854
TCGA-09-0364-01A-02D-0508-04	8	7226901	7824059	9	-1.3893
TCGA-09-0364-01A-02D-0508-04	8	8137794	9533226	483	-0.0021
TCGA-09-0364-01A-02D-0508-04	8	9535456	9538031	3	-4.3309
TCGA-09-0364-01A-02D-0508-04	8	9539424	13265021	1390	-0.034
TCGA-09-0364-01A-02D-0508-04	8	13266967	13324774	31	0.3824
TCGA-09-0364-01A-02D-0508-04	8	13328366	18153005	1606	-0.0218
TCGA-09-0364-01A-02D-0508-04	8	18154667	18154667	1	NA
TCGA-09-0364-01A-02D-0508-04	8	18157909	18177150	7	-0.5219
TCGA-09-0364-01A-02D-0508-04	8	18181623	25120552	2237	-0.0203
TCGA-09-0364-01A-02D-0508-04	8	25123025	25123025	1	NA
TCGA-09-0364-01A-02D-0508-04	8	25124428	25125700	2	2.8032
TCGA-09-0364-01A-02D-0508-04	8	25127887	39350798	4912	-0.0221
TCGA-09-0364-01A-02D-0508-04	8	39352361	39505256	59	-2.8087
TCGA-09-0364-01A-02D-0508-04	8	39508035	39567325	23	0.0619
TCGA-09-0364-01A-02D-0508-04	8	39579093	48685098	1542	0.3388
TCGA-09-0364-01A-02D-0508-04	8	48687915	49344467	211	0.0259
TCGA-09-0364-01A-02D-0508-04	8	49351381	52435131	771	-0.5125
TCGA-09-0364-01A-02D-0508-04	8	52441870	52441870	1	NA
TCGA-09-0364-01A-02D-0508-04	8	52443694	53083551	253	-0.0011
TCGA-09-0364-01A-02D-0508-04	8	53088171	55060975	565	-0.4781
TCGA-09-0364-01A-02D-0508-04	8	55062235	55969029	254	0.0257
TCGA-09-0364-01A-02D-0508-04	8	55979049	58076960	681	-0.4875
TCGA-09-0364-01A-02D-0508-04	8	58081956	58092483	6	-3.7654
TCGA-09-0364-01A-02D-0508-04	8	58100753	58570446	112	-0.482
TCGA-09-0364-01A-02D-0508-04	8	58574376	58587873	3	-1.295
TCGA-09-0364-01A-02D-0508-04	8	58595323	63192937	1292	-0.4749
TCGA-09-0364-01A-02D-0508-04	8	63199765	79296790	4874	-0.0037
TCGA-09-0364-01A-02D-0508-04	8	79303543	79735037	116	0.3201
TCGA-09-0364-01A-02D-0508-04	8	79737031	80861912	244	0.5954
TCGA-09-0364-01A-02D-0508-04	8	80863808	82152271	503	0.9985
TCGA-09-0364-01A-02D-0508-04	8	82155027	82156052	2	-0.0644
TCGA-09-0364-01A-02D-0508-04	8	82159569	82493004	72	1.0189
TCGA-09-0364-01A-02D-0508-04	8	82498347	82607767	45	0.575
TCGA-09-0364-01A-02D-0508-04	8	82612359	82824300	81	0.0312
TCGA-09-0364-01A-02D-0508-04	8	82827723	84757039	301	0.2896
TCGA-09-0364-01A-02D-0508-04	8	84762895	84839677	10	0.5887
TCGA-09-0364-01A-02D-0508-04	8	84847594	87502555	809	0.2681
TCGA-09-0364-01A-02D-0508-04	8	87504170	88423721	362	0.5868
TCGA-09-0364-01A-02D-0508-04	8	88424901	89779988	365	0.2812
TCGA-09-0364-01A-02D-0508-04	8	89785819	91877917	445	-0.0123
TCGA-09-0364-01A-02D-0508-04	8	91879191	93040430	395	0.3234
TCGA-09-0364-01A-02D-0508-04	8	93042226	93042226	1	NA
TCGA-09-0364-01A-02D-0508-04	8	93043916	95297186	650	0.5854
TCGA-09-0364-01A-02D-0508-04	8	95300748	96701440	520	0.3684
TCGA-09-0364-01A-02D-0508-04	8	96705884	115898975	6262	0.0073
TCGA-09-0364-01A-02D-0508-04	8	115906601	136280590	6517	0.3167
TCGA-09-0364-01A-02D-0508-04	8	136296401	137748793	293	-0.101
TCGA-09-0364-01A-02D-0508-04	8	137751905	137922591	32	-0.6196
TCGA-09-0364-01A-02D-0508-04	8	137931707	146264846	2820	-0.0508
TCGA-09-0364-01A-02D-0508-04	9	189055	15802255	5458	-0.4712
TCGA-09-0364-01A-02D-0508-04	9	15805300	15807123	2	-3.4848
TCGA-09-0364-01A-02D-0508-04	9	15813356	23343915	2540	-0.4646
TCGA-09-0364-01A-02D-0508-04	9	23353267	23365926	3	-2.7139
TCGA-09-0364-01A-02D-0508-04	9	23377660	70926188	5069	-0.468
TCGA-09-0364-01A-02D-0508-04	9	70928471	70930528	2	2.1099
TCGA-09-0364-01A-02D-0508-04	9	70935055	134542664	22720	-0.4663
TCGA-09-0364-01A-02D-0508-04	9	134544331	134545846	2	0.6039
TCGA-09-0364-01A-02D-0508-04	9	134548747	140145683	2148	-0.4544
TCGA-09-0366-01A-01D-0508-04	1	554287	825199	13	0.125
TCGA-09-0366-01A-01D-0508-04	1	827249	17112697	5790	0.3176
TCGA-09-0366-01A-01D-0508-04	1	17114337	17127039	4	-0.4264
TCGA-09-0366-01A-01D-0508-04	1	17148592	72540240	22089	0.3015
TCGA-09-0366-01A-01D-0508-04	1	72541443	72579311	12	0.9258
TCGA-09-0366-01A-01D-0508-04	1	72589682	83369717	3206	0.2667
TCGA-09-0366-01A-01D-0508-04	1	83388826	83737764	14	-0.0709
TCGA-09-0366-01A-01D-0508-04	1	83741702	85745222	824	0.288
TCGA-09-0366-01A-01D-0508-04	1	85753561	85776171	13	0.821
TCGA-09-0366-01A-01D-0508-04	1	85778723	87651047	724	0.2726
TCGA-09-0366-01A-01D-0508-04	1	87662001	87730765	21	0.8027
TCGA-09-0366-01A-01D-0508-04	1	87744017	110015739	6900	0.279
TCGA-09-0366-01A-01D-0508-04	1	110023268	110041712	5	1.441
TCGA-09-0366-01A-01D-0508-04	1	110058441	110058441	1	NA
TCGA-09-0366-01A-01D-0508-04	1	110060587	116028595	2219	0.271
TCGA-09-0366-01A-01D-0508-04	1	116029725	116033402	3	1.158
TCGA-09-0366-01A-01D-0508-04	1	116035435	120333077	1592	0.2634
TCGA-09-0366-01A-01D-0508-04	1	120338395	120415520	12	1.6365
TCGA-09-0366-01A-01D-0508-04	1	120705146	142730208	66	0.0633
TCGA-09-0366-01A-01D-0508-04	1	143238284	143803856	72	1.4081
TCGA-09-0366-01A-01D-0508-04	1	143805209	143808283	3	0.3229
TCGA-09-0366-01A-01D-0508-04	1	143809389	143818958	7	1.612
TCGA-09-0366-01A-01D-0508-04	1	143820820	146297175	579	1.9461
TCGA-09-0366-01A-01D-0508-04	1	147203277	147315217	6	0.821
TCGA-09-0366-01A-01D-0508-04	1	147326097	148153721	55	1.4239
TCGA-09-0366-01A-01D-0508-04	1	148155022	148498186	172	0.9531
TCGA-09-0366-01A-01D-0508-04	1	148499609	150263819	853	1.5038
TCGA-09-0366-01A-01D-0508-04	1	150265715	150441949	86	0.9259
TCGA-09-0366-01A-01D-0508-04	1	150444349	150493754	19	1.578
TCGA-09-0366-01A-01D-0508-04	1	150539820	150631325	36	0.9273
TCGA-09-0366-01A-01D-0508-04	1	150633219	150819879	68	-0.0744
TCGA-09-0366-01A-01D-0508-04	1	150823073	150851439	11	1.9983
TCGA-09-0366-01A-01D-0508-04	1	150852858	151026228	78	-0.0738
TCGA-09-0366-01A-01D-0508-04	1	151028700	151280810	110	0.7584
TCGA-09-0366-01A-01D-0508-04	1	151282671	153265145	886	0.0029
TCGA-09-0366-01A-01D-0508-04	1	153268108	153840354	298	0.9648
TCGA-09-0366-01A-01D-0508-04	1	153846176	157133150	1389	-0.0184
TCGA-09-0366-01A-01D-0508-04	1	157134796	157136342	2	-4.4008
TCGA-09-0366-01A-01D-0508-04	1	157138568	157138568	1	NA
TCGA-09-0366-01A-01D-0508-04	1	157139824	182590055	10105	-0.043
TCGA-09-0366-01A-01D-0508-04	1	182591557	182591557	1	NA
TCGA-09-0366-01A-01D-0508-04	1	182592661	182856287	132	-0.3563
TCGA-09-0366-01A-01D-0508-04	1	182857439	185979586	1086	-0.0419
TCGA-09-0366-01A-01D-0508-04	1	185984652	185988138	2	1.0629
TCGA-09-0366-01A-01D-0508-04	1	186000612	196570662	2550	-0.0511
TCGA-09-0366-01A-01D-0508-04	1	196572806	196576204	3	-1.6104
TCGA-09-0366-01A-01D-0508-04	1	196578227	200600795	1584	-0.0141
TCGA-09-0366-01A-01D-0508-04	1	200602881	200602881	1	NA
TCGA-09-0366-01A-01D-0508-04	1	200609726	200667381	22	-0.3735
TCGA-09-0366-01A-01D-0508-04	1	200668993	227875096	9939	-0.0118
TCGA-09-0366-01A-01D-0508-04	1	227879152	227882805	4	-1.2351
TCGA-09-0366-01A-01D-0508-04	1	227889619	246427528	7252	-0.0481
TCGA-09-0366-01A-01D-0508-04	1	246429285	246630400	76	0.1525
TCGA-09-0366-01A-01D-0508-04	1	246632140	246751473	23	-0.0893
TCGA-09-0366-01A-01D-0508-04	1	246753652	246875016	34	0.2251
TCGA-09-0366-01A-01D-0508-04	1	246878405	247186514	95	-0.0946
TCGA-09-0366-01A-01D-0508-04	10	126361	147177	10	-0.3313
TCGA-09-0366-01A-01D-0508-04	10	148565	27038538	9719	-0.0673
TCGA-09-0366-01A-01D-0508-04	10	27040181	27041812	2	1.0188
TCGA-09-0366-01A-01D-0508-04	10	27043861	27043861	1	NA
TCGA-09-0366-01A-01D-0508-04	10	27045226	31284926	1560	-0.0323
TCGA-09-0366-01A-01D-0508-04	10	31287101	31291525	3	-1.2745
TCGA-09-0366-01A-01D-0508-04	10	31293140	38596435	2207	-0.0415
TCGA-09-0366-01A-01D-0508-04	10	38601263	53839618	2860	-0.4108
TCGA-09-0366-01A-01D-0508-04	10	53841120	53842819	2	1.1603
TCGA-09-0366-01A-01D-0508-04	10	53844459	70949263	5311	-0.399
TCGA-09-0366-01A-01D-0508-04	10	70952973	70960187	4	-2.4153
TCGA-09-0366-01A-01D-0508-04	10	70964344	74906730	1582	-0.3551
TCGA-09-0366-01A-01D-0508-04	10	74908231	75149377	87	-0.0435
TCGA-09-0366-01A-01D-0508-04	10	75153837	76331316	499	-0.3369
TCGA-09-0366-01A-01D-0508-04	10	76333644	76612761	129	0.2319
TCGA-09-0366-01A-01D-0508-04	10	76614913	77917893	616	-0.4076
TCGA-09-0366-01A-01D-0508-04	10	77926390	77928669	2	-4.3855
TCGA-09-0366-01A-01D-0508-04	10	77928738	95505865	5585	-0.39
TCGA-09-0366-01A-01D-0508-04	10	95508039	95735913	84	-0.1467
TCGA-09-0366-01A-01D-0508-04	10	95737189	134907538	14411	-0.3892
TCGA-09-0366-01A-01D-0508-04	10	134909116	134926795	15	0.2315
TCGA-09-0366-01A-01D-0508-04	10	134928823	134928823	1	NA
TCGA-09-0366-01A-01D-0508-04	10	134928833	135285645	118	-0.3436
TCGA-09-0366-01A-01D-0508-04	11	187649	18823766	7363	-0.4138
TCGA-09-0366-01A-01D-0508-04	11	18843001	18917191	15	-0.8396
TCGA-09-0366-01A-01D-0508-04	11	18929375	46249276	8221	-0.4088
TCGA-09-0366-01A-01D-0508-04	11	46252058	46373450	54	-0.1753
TCGA-09-0366-01A-01D-0508-04	11	46374645	50330549	1157	-0.423
TCGA-09-0366-01A-01D-0508-04	11	50335319	55123719	96	-0.9416
TCGA-09-0366-01A-01D-0508-04	11	55124730	55209626	38	-0.569
TCGA-09-0366-01A-01D-0508-04	11	55217189	57364245	908	-0.9283
TCGA-09-0366-01A-01D-0508-04	11	57366042	57366042	1	NA
TCGA-09-0366-01A-01D-0508-04	11	57379893	57783508	142	2.5149
TCGA-09-0366-01A-01D-0508-04	11	57789026	58216724	154	3.3341
TCGA-09-0366-01A-01D-0508-04	11	58217976	58666286	106	2.8693
TCGA-09-0366-01A-01D-0508-04	11	58667573	64441414	2415	-0.8528
TCGA-09-0366-01A-01D-0508-04	11	64442989	66463477	912	-0.2964
TCGA-09-0366-01A-01D-0508-04	11	66468725	66469412	2	-3.1595
TCGA-09-0366-01A-01D-0508-04	11	66473397	66868619	165	-0.2939
TCGA-09-0366-01A-01D-0508-04	11	66872507	66874372	2	NA
TCGA-09-0366-01A-01D-0508-04	11	66875572	71306051	1420	-0.7676
TCGA-09-0366-01A-01D-0508-04	11	71306837	72900283	724	-0.341
TCGA-09-0366-01A-01D-0508-04	11	72901529	75379116	1107	-0.8864
TCGA-09-0366-01A-01D-0508-04	11	75381600	75546205	76	1.5995
TCGA-09-0366-01A-01D-0508-04	11	75547939	75774564	76	2.723
TCGA-09-0366-01A-01D-0508-04	11	75777150	75813321	18	3.3329
TCGA-09-0366-01A-01D-0508-04	11	75816056	77161607	522	3.8121
TCGA-09-0366-01A-01D-0508-04	11	77164225	77282771	47	3.4799
TCGA-09-0366-01A-01D-0508-04	11	77284783	77284783	1	NA
TCGA-09-0366-01A-01D-0508-04	11	77290692	77364189	16	2.7702
TCGA-09-0366-01A-01D-0508-04	11	77366432	78079591	306	3.6004
TCGA-09-0366-01A-01D-0508-04	11	78080816	78760362	339	3.2667
TCGA-09-0366-01A-01D-0508-04	11	78761468	78788995	25	2.5576
TCGA-09-0366-01A-01D-0508-04	11	78789447	79418589	134	3.0017
TCGA-09-0366-01A-01D-0508-04	11	79424676	79424676	1	NA
TCGA-09-0366-01A-01D-0508-04	11	79430634	79581600	19	2.7164
TCGA-09-0366-01A-01D-0508-04	11	79590924	91986389	3665	-0.9405
TCGA-09-0366-01A-01D-0508-04	11	91993488	93012045	389	-0.4752
TCGA-09-0366-01A-01D-0508-04	11	93014413	118075882	8456	-0.9394
TCGA-09-0366-01A-01D-0508-04	11	118078732	118109623	5	-0.0723
TCGA-09-0366-01A-01D-0508-04	11	118110180	134450318	6207	-0.9488
TCGA-09-0366-01A-01D-0508-04	12	33854	6513567	2703	0.27
TCGA-09-0366-01A-01D-0508-04	12	6514879	6538299	13	0.7217
TCGA-09-0366-01A-01D-0508-04	12	6539534	9523923	1026	0.3016
TCGA-09-0366-01A-01D-0508-04	12	9528590	9599999	13	1.2288
TCGA-09-0366-01A-01D-0508-04	12	9604633	9604633	1	NA
TCGA-09-0366-01A-01D-0508-04	12	9607363	11116883	573	0.2829
TCGA-09-0366-01A-01D-0508-04	12	11121204	11140421	7	-2.9512
TCGA-09-0366-01A-01D-0508-04	12	11143592	38851662	8421	0.3012
TCGA-09-0366-01A-01D-0508-04	12	38857800	39058612	86	-0.6151
TCGA-09-0366-01A-01D-0508-04	12	39060656	47261780	2726	0.2665
TCGA-09-0366-01A-01D-0508-04	12	47263908	47263908	1	NA
TCGA-09-0366-01A-01D-0508-04	12	47265652	49765796	1147	0.5362
TCGA-09-0366-01A-01D-0508-04	12	49768208	132289090	28444	0.2867
TCGA-09-0366-01A-01D-0508-04	13	18194544	37953582	7338	-0.3435
TCGA-09-0366-01A-01D-0508-04	13	37955475	37957844	2	2.7741
TCGA-09-0366-01A-01D-0508-04	13	37959274	46619698	3616	-0.3493
TCGA-09-0366-01A-01D-0508-04	13	46627734	46844285	36	-0.8592
TCGA-09-0366-01A-01D-0508-04	13	46866918	49964838	1227	-0.3382
TCGA-09-0366-01A-01D-0508-04	13	49968215	49971732	2	-1.8653
TCGA-09-0366-01A-01D-0508-04	13	49974447	49974447	1	NA
TCGA-09-0366-01A-01D-0508-04	13	49981330	56646284	1802	-0.342
TCGA-09-0366-01A-01D-0508-04	13	56650373	56650373	1	NA
TCGA-09-0366-01A-01D-0508-04	13	56657371	56685341	15	-1.0711
TCGA-09-0366-01A-01D-0508-04	13	56686863	114123340	17604	-0.3508
TCGA-09-0366-01A-01D-0508-04	14	18446762	19494416	60	-0.689
TCGA-09-0366-01A-01D-0508-04	14	19497023	21631597	1037	-0.0121
TCGA-09-0366-01A-01D-0508-04	14	21633170	22049850	215	0.2492
TCGA-09-0366-01A-01D-0508-04	14	22051630	22051630	1	NA
TCGA-09-0366-01A-01D-0508-04	14	22052799	34674458	4437	-0.0401
TCGA-09-0366-01A-01D-0508-04	14	34676390	34683810	3	0.8105
TCGA-09-0366-01A-01D-0508-04	14	34685308	40223205	1820	-0.0414
TCGA-09-0366-01A-01D-0508-04	14	40227454	40236621	3	-1.1515
TCGA-09-0366-01A-01D-0508-04	14	40241170	40680589	73	-0.0685
TCGA-09-0366-01A-01D-0508-04	14	40687108	40726930	7	0.6322
TCGA-09-0366-01A-01D-0508-04	14	40741934	68592434	9729	-0.0486
TCGA-09-0366-01A-01D-0508-04	14	68594630	69436734	413	0.197
TCGA-09-0366-01A-01D-0508-04	14	69438147	70518890	474	-0.0702
TCGA-09-0366-01A-01D-0508-04	14	70520468	70522742	2	-1.1442
TCGA-09-0366-01A-01D-0508-04	14	70524661	73061942	1145	-0.0616
TCGA-09-0366-01A-01D-0508-04	14	73071404	73101327	9	0.5156
TCGA-09-0366-01A-01D-0508-04	14	73104540	105597555	12214	-0.0431
TCGA-09-0366-01A-01D-0508-04	14	105602602	105632168	12	-0.7304
TCGA-09-0366-01A-01D-0508-04	14	105673157	105787390	21	-0.1052
TCGA-09-0366-01A-01D-0508-04	14	105788623	105798116	6	-0.8086
TCGA-09-0366-01A-01D-0508-04	14	105799261	105923686	42	0.0166
TCGA-09-0366-01A-01D-0508-04	14	105945006	106002179	20	-0.476
TCGA-09-0366-01A-01D-0508-04	14	106013552	106358491	142	-0.0928
TCGA-09-0366-01A-01D-0508-04	15	18362555	18450562	4	0.0962
TCGA-09-0366-01A-01D-0508-04	15	18452491	20053008	148	-0.3634
TCGA-09-0366-01A-01D-0508-04	15	20060061	47375539	9665	-0.0749
TCGA-09-0366-01A-01D-0508-04	15	47380710	47430972	29	-0.5383
TCGA-09-0366-01A-01D-0508-04	15	47433636	75115806	12039	-0.0614
TCGA-09-0366-01A-01D-0508-04	15	75117799	75119713	2	2.693
TCGA-09-0366-01A-01D-0508-04	15	75121466	98232932	8521	-0.091
TCGA-09-0366-01A-01D-0508-04	15	98234519	98239454	3	-4.6896
TCGA-09-0366-01A-01D-0508-04	15	98243586	99632987	637	-0.09
TCGA-09-0366-01A-01D-0508-04	15	99634434	99635701	2	1.8451
TCGA-09-0366-01A-01D-0508-04	15	99636724	99636724	1	NA
TCGA-09-0366-01A-01D-0508-04	15	99637714	100298352	271	-0.1022
TCGA-09-0366-01A-01D-0508-04	16	33628	2478432	981	0.1195
TCGA-09-0366-01A-01D-0508-04	16	2481290	2501758	12	0.4226
TCGA-09-0366-01A-01D-0508-04	16	2505009	3784549	508	0.0305
TCGA-09-0366-01A-01D-0508-04	16	3785775	3860542	36	-0.339
TCGA-09-0366-01A-01D-0508-04	16	3861777	33505210	9066	-0.0237
TCGA-09-0366-01A-01D-0508-04	16	33507497	34317157	104	-0.4524
TCGA-09-0366-01A-01D-0508-04	16	34325501	34602318	52	-0.1329
TCGA-09-0366-01A-01D-0508-04	16	34617260	68672642	7534	-0.3945
TCGA-09-0366-01A-01D-0508-04	16	68674071	68753209	16	-0.7709
TCGA-09-0366-01A-01D-0508-04	16	68838384	69275492	193	-0.3255
TCGA-09-0366-01A-01D-0508-04	16	69276675	69280807	3	0.5017
TCGA-09-0366-01A-01D-0508-04	16	69282221	69401319	59	-0.2911
TCGA-09-0366-01A-01D-0508-04	16	69402880	69758635	161	1.1103
TCGA-09-0366-01A-01D-0508-04	16	69761372	75093957	1798	-0.3913
TCGA-09-0366-01A-01D-0508-04	16	75097331	75100865	3	0.9381
TCGA-09-0366-01A-01D-0508-04	16	75102639	76925748	610	-0.4104
TCGA-09-0366-01A-01D-0508-04	16	76929598	76940218	8	-4.2333
TCGA-09-0366-01A-01D-0508-04	16	76942679	84236022	2825	-0.405
TCGA-09-0366-01A-01D-0508-04	16	84239223	84244434	3	0.563
TCGA-09-0366-01A-01D-0508-04	16	84247263	88690571	1685	-0.3313
TCGA-09-0366-01A-01D-0508-04	17	47546	58031	6	-0.0336
TCGA-09-0366-01A-01D-0508-04	17	59739	1027736	410	-0.3192
TCGA-09-0366-01A-01D-0508-04	17	1028979	1028979	1	NA
TCGA-09-0366-01A-01D-0508-04	17	1030715	1030766	2	1.5144
TCGA-09-0366-01A-01D-0508-04	17	1031233	1904451	435	-0.296
TCGA-09-0366-01A-01D-0508-04	17	1906319	1906391	3	0.8952
TCGA-09-0366-01A-01D-0508-04	17	1909371	15727076	5445	-0.3837
TCGA-09-0366-01A-01D-0508-04	17	15731356	15733964	2	-1.9194
TCGA-09-0366-01A-01D-0508-04	17	15737241	31461588	5734	-0.3728
TCGA-09-0366-01A-01D-0508-04	17	31462463	31499568	17	-0.8809
TCGA-09-0366-01A-01D-0508-04	17	31503774	32828797	366	-0.3836
TCGA-09-0366-01A-01D-0508-04	17	32830127	32832642	2	-5.4192
TCGA-09-0366-01A-01D-0508-04	17	32833765	32833765	1	NA
TCGA-09-0366-01A-01D-0508-04	17	32836527	36673853	1447	-0.3382
TCGA-09-0366-01A-01D-0508-04	17	36675987	36684619	6	1.1023
TCGA-09-0366-01A-01D-0508-04	17	36686013	41566540	2032	-0.3331
TCGA-09-0366-01A-01D-0508-04	17	41568539	41710400	46	-1e-04
TCGA-09-0366-01A-01D-0508-04	17	42142363	45574274	1542	-0.3654
TCGA-09-0366-01A-01D-0508-04	17	45576202	45579906	2	NA
TCGA-09-0366-01A-01D-0508-04	17	45581711	46014462	175	0.0469
TCGA-09-0366-01A-01D-0508-04	17	46015821	78637954	11959	-0.3585
TCGA-09-0366-01A-01D-0508-04	17	78653545	78653545	1	NA
TCGA-09-0366-01A-01D-0508-04	18	4316	40226609	11794	-0.019
TCGA-09-0366-01A-01D-0508-04	18	40230827	40235901	3	-1.1944
TCGA-09-0366-01A-01D-0508-04	18	40244566	53092949	4402	-0.0056
TCGA-09-0366-01A-01D-0508-04	18	53097842	53099601	2	-1.2254
TCGA-09-0366-01A-01D-0508-04	18	53101512	76116026	6763	-0.0118
TCGA-09-0366-01A-01D-0508-04	19	210395	340495	51	-0.8533
TCGA-09-0366-01A-01D-0508-04	19	343979	1398325	441	-0.5897
TCGA-09-0366-01A-01D-0508-04	19	1400798	1400840	2	1.3265
TCGA-09-0366-01A-01D-0508-04	19	1405308	9899111	3863	-0.7739
TCGA-09-0366-01A-01D-0508-04	19	9900783	10021965	67	0.0088
TCGA-09-0366-01A-01D-0508-04	19	10023906	10023906	1	NA
TCGA-09-0366-01A-01D-0508-04	19	10025614	10066384	21	-0.6185
TCGA-09-0366-01A-01D-0508-04	19	10074186	11317235	663	0.1288
TCGA-09-0366-01A-01D-0508-04	19	11318936	11328140	6	-0.6489
TCGA-09-0366-01A-01D-0508-04	19	11332164	11384707	27	-0.0282
TCGA-09-0366-01A-01D-0508-04	19	11386332	11448975	30	-0.8344
TCGA-09-0366-01A-01D-0508-04	19	11450908	11452390	2	1.0783
TCGA-09-0366-01A-01D-0508-04	19	11453579	15170876	1634	-0.8328
TCGA-09-0366-01A-01D-0508-04	19	15175048	15763372	288	0.0176
TCGA-09-0366-01A-01D-0508-04	19	15766803	16601480	391	0.5616
TCGA-09-0366-01A-01D-0508-04	19	16602650	16602650	1	NA
TCGA-09-0366-01A-01D-0508-04	19	16603979	16963830	166	0.07
TCGA-09-0366-01A-01D-0508-04	19	16964840	20577520	1588	0.621
TCGA-09-0366-01A-01D-0508-04	19	20579063	20666631	30	0.0099
TCGA-09-0366-01A-01D-0508-04	19	20669954	21134707	126	0.4967
TCGA-09-0366-01A-01D-0508-04	19	21136123	21450944	96	0.735
TCGA-09-0366-01A-01D-0508-04	19	21456847	22252473	189	0.4841
TCGA-09-0366-01A-01D-0508-04	19	22254460	22685097	142	-0.0672
TCGA-09-0366-01A-01D-0508-04	19	22687158	22743316	9	0.3386
TCGA-09-0366-01A-01D-0508-04	19	22745475	23348067	144	-0.0676
TCGA-09-0366-01A-01D-0508-04	19	23350743	24157855	186	-0.8019
TCGA-09-0366-01A-01D-0508-04	19	32545047	34883921	545	0.7691
TCGA-09-0366-01A-01D-0508-04	19	34885729	35247571	131	1.6171
TCGA-09-0366-01A-01D-0508-04	19	35250015	35866634	201	1.8967
TCGA-09-0366-01A-01D-0508-04	19	35870205	36420084	85	0.5353
TCGA-09-0366-01A-01D-0508-04	19	36424116	36766026	116	0.2466
TCGA-09-0366-01A-01D-0508-04	19	36771396	37400495	131	-0.4299
TCGA-09-0366-01A-01D-0508-04	19	37404123	37735590	137	0.0555
TCGA-09-0366-01A-01D-0508-04	19	37741966	37982379	104	-0.3578
TCGA-09-0366-01A-01D-0508-04	19	37985252	40417540	1019	0.0975
TCGA-09-0366-01A-01D-0508-04	19	40418624	40540618	60	-0.2486
TCGA-09-0366-01A-01D-0508-04	19	40543992	40553315	3	-1.7099
TCGA-09-0366-01A-01D-0508-04	19	40556205	40608226	28	-0.2682
TCGA-09-0366-01A-01D-0508-04	19	40610758	42954937	1025	0.0663
TCGA-09-0366-01A-01D-0508-04	19	42956089	42957993	2	NA
TCGA-09-0366-01A-01D-0508-04	19	42961054	46046859	1402	-0.3182
TCGA-09-0366-01A-01D-0508-04	19	46054503	46060523	4	-2.5559
TCGA-09-0366-01A-01D-0508-04	19	46063357	46063357	1	NA
TCGA-09-0366-01A-01D-0508-04	19	46086240	51777778	2332	-0.2905
TCGA-09-0366-01A-01D-0508-04	19	51784119	52217188	215	0.0442
TCGA-09-0366-01A-01D-0508-04	19	52220223	55770195	1651	-0.3255
TCGA-09-0366-01A-01D-0508-04	19	55772729	56211847	213	0.1612
TCGA-09-0366-01A-01D-0508-04	19	56215114	58391514	983	-0.2674
TCGA-09-0366-01A-01D-0508-04	19	58392427	58392427	1	NA
TCGA-09-0366-01A-01D-0508-04	19	58396541	59414645	501	0.1336
TCGA-09-0366-01A-01D-0508-04	19	59414898	59434202	11	-0.4759
TCGA-09-0366-01A-01D-0508-04	19	59440262	59584904	75	-0.0176
TCGA-09-0366-01A-01D-0508-04	19	59586140	59699927	51	0.223
TCGA-09-0366-01A-01D-0508-04	19	59702410	62036957	1036	-0.2317
TCGA-09-0366-01A-01D-0508-04	19	62037976	62163976	57	0.0759
TCGA-09-0366-01A-01D-0508-04	19	62167028	62169270	2	1.0954
TCGA-09-0366-01A-01D-0508-04	19	62172888	63354118	562	-0.2441
TCGA-09-0366-01A-01D-0508-04	19	63355694	63788698	211	0.1889
TCGA-09-0366-01A-01D-0508-04	2	7019	5795998	1895	0.1906
TCGA-09-0366-01A-01D-0508-04	2	5800256	5815081	3	-0.671
TCGA-09-0366-01A-01D-0508-04	2	5823622	33076512	8978	0.2574
TCGA-09-0366-01A-01D-0508-04	2	33078005	33080437	2	1.3699
TCGA-09-0366-01A-01D-0508-04	2	33081681	34543992	644	0.2512
TCGA-09-0366-01A-01D-0508-04	2	34551222	34582272	16	-0.3938
TCGA-09-0366-01A-01D-0508-04	2	34583814	37810001	1371	0.28
TCGA-09-0366-01A-01D-0508-04	2	37812045	37855837	22	-0.4006
TCGA-09-0366-01A-01D-0508-04	2	37858379	37858379	1	NA
TCGA-09-0366-01A-01D-0508-04	2	37859985	89261600	17367	0.2722
TCGA-09-0366-01A-01D-0508-04	2	89263354	91158269	67	0.659
TCGA-09-0366-01A-01D-0508-04	2	91168837	99714752	1495	0.2343
TCGA-09-0366-01A-01D-0508-04	2	99715903	103588169	1371	-0.0397
TCGA-09-0366-01A-01D-0508-04	2	103597889	103890180	39	0.2743
TCGA-09-0366-01A-01D-0508-04	2	103900926	105916475	544	-0.0391
TCGA-09-0366-01A-01D-0508-04	2	105925001	108560676	580	0.3456
TCGA-09-0366-01A-01D-0508-04	2	108562912	154601442	12886	-0.0349
TCGA-09-0366-01A-01D-0508-04	2	154605621	154606943	2	-2.8414
TCGA-09-0366-01A-01D-0508-04	2	154608095	238994999	29213	-0.009
TCGA-09-0366-01A-01D-0508-04	2	238997323	238999739	2	1.175
TCGA-09-0366-01A-01D-0508-04	2	239002088	242689978	1329	-0.0028
TCGA-09-0366-01A-01D-0508-04	20	12719	1506379	586	0.2478
TCGA-09-0366-01A-01D-0508-04	20	1511632	1531162	9	-1.8955
TCGA-09-0366-01A-01D-0508-04	20	1532433	1532433	1	NA
TCGA-09-0366-01A-01D-0508-04	20	1544485	14477816	4470	0.2557
TCGA-09-0366-01A-01D-0508-04	20	14480053	25217466	3760	-0.0023
TCGA-09-0366-01A-01D-0508-04	20	25218829	25238955	11	0.4228
TCGA-09-0366-01A-01D-0508-04	20	25242487	33900333	2275	0.0505
TCGA-09-0366-01A-01D-0508-04	20	33902488	38061358	1527	0.9272
TCGA-09-0366-01A-01D-0508-04	20	38069568	38069568	1	NA
TCGA-09-0366-01A-01D-0508-04	20	38081397	42048200	1385	0.0425
TCGA-09-0366-01A-01D-0508-04	20	42050422	43369880	581	0.9192
TCGA-09-0366-01A-01D-0508-04	20	43371408	55394761	4095	0.0571
TCGA-09-0366-01A-01D-0508-04	20	55395991	55408354	9	0.4689
TCGA-09-0366-01A-01D-0508-04	20	55411836	62419534	2869	0.069
TCGA-09-0366-01A-01D-0508-04	21	9882922	10167413	22	-0.3705
TCGA-09-0366-01A-01D-0508-04	21	13342486	13342486	1	NA
TCGA-09-0366-01A-01D-0508-04	21	13435755	22573420	3040	0.0675
TCGA-09-0366-01A-01D-0508-04	21	22577751	22585040	3	-2.1616
TCGA-09-0366-01A-01D-0508-04	21	22589739	22589739	1	NA
TCGA-09-0366-01A-01D-0508-04	21	22594529	36789648	5478	0.0668
TCGA-09-0366-01A-01D-0508-04	21	36790648	36791668	2	2.1489
TCGA-09-0366-01A-01D-0508-04	21	36792708	46920225	4893	0.0775
TCGA-09-0366-01A-01D-0508-04	21	46922972	46922972	1	NA
TCGA-09-0366-01A-01D-0508-04	22	14513474	14513474	1	NA
TCGA-09-0366-01A-01D-0508-04	22	14866086	22667608	2982	-0.2289
TCGA-09-0366-01A-01D-0508-04	22	22677959	22725305	22	-3.5868
TCGA-09-0366-01A-01D-0508-04	22	22735036	35472378	6547	-0.3481
TCGA-09-0366-01A-01D-0508-04	22	35474894	35476942	2	-4.1281
TCGA-09-0366-01A-01D-0508-04	22	35478503	37467009	1104	-0.2642
TCGA-09-0366-01A-01D-0508-04	22	37469080	37500961	20	0.1111
TCGA-09-0366-01A-01D-0508-04	22	37502409	43584297	3065	-0.2958
TCGA-09-0366-01A-01D-0508-04	22	43585605	45240252	854	0.0322
TCGA-09-0366-01A-01D-0508-04	22	45241750	49050046	1746	-0.4583
TCGA-09-0366-01A-01D-0508-04	22	49051263	49053098	2	1.0825
TCGA-09-0366-01A-01D-0508-04	22	49055523	49571068	212	-0.3589
TCGA-09-0366-01A-01D-0508-04	23	1091	127779	31	-0.0627
TCGA-09-0366-01A-01D-0508-04	23	129104	130528	3	0.6485
TCGA-09-0366-01A-01D-0508-04	23	132689	170802	27	-0.1368
TCGA-09-0366-01A-01D-0508-04	23	203986	211285	9	0.4016
TCGA-09-0366-01A-01D-0508-04	23	211745	264190	55	-0.0253
TCGA-09-0366-01A-01D-0508-04	23	264886	267079	4	0.5717
TCGA-09-0366-01A-01D-0508-04	23	268402	2302065	1271	-0.1233
TCGA-09-0366-01A-01D-0508-04	23	2303192	2304398	4	0.7556
TCGA-09-0366-01A-01D-0508-04	23	2306110	2708291	389	-0.1338
TCGA-09-0366-01A-01D-0508-04	23	2711273	3582851	358	0.7632
TCGA-09-0366-01A-01D-0508-04	23	3584665	3596261	6	-0.3283
TCGA-09-0366-01A-01D-0508-04	23	3598437	8432497	1417	0.8579
TCGA-09-0366-01A-01D-0508-04	23	8437023	8475091	19	0.498
TCGA-09-0366-01A-01D-0508-04	23	8477126	31745517	9232	0.9267
TCGA-09-0366-01A-01D-0508-04	23	31746889	75584823	11783	0.5618
TCGA-09-0366-01A-01D-0508-04	23	75791680	76538447	102	1.6416
TCGA-09-0366-01A-01D-0508-04	23	76539927	125676808	13007	0.5769
TCGA-09-0366-01A-01D-0508-04	23	125678120	125680378	2	-1.8768
TCGA-09-0366-01A-01D-0508-04	23	125682982	154582414	9208	0.5618
TCGA-09-0366-01A-01D-0508-04	23	154586690	154888224	201	-0.4195
TCGA-09-0366-01A-01D-0508-04	24	2710450	3733715	124	-4.3727
TCGA-09-0366-01A-01D-0508-04	24	3772482	5593746	16	-0.8985
TCGA-09-0366-01A-01D-0508-04	24	5672441	7054924	175	-3.9775
TCGA-09-0366-01A-01D-0508-04	24	7057026	7495687	128	-2.9075
TCGA-09-0366-01A-01D-0508-04	24	7568006	7709619	66	-4.4748
TCGA-09-0366-01A-01D-0508-04	24	7711759	7782532	27	-2.7363
TCGA-09-0366-01A-01D-0508-04	24	7784314	8280065	124	-4.0912
TCGA-09-0366-01A-01D-0508-04	24	8289709	8316416	12	-2.2795
TCGA-09-0366-01A-01D-0508-04	24	8324291	8761847	133	-3.825
TCGA-09-0366-01A-01D-0508-04	24	8765425	8765425	1	NA
TCGA-09-0366-01A-01D-0508-04	24	8769077	8938284	43	-4.4437
TCGA-09-0366-01A-01D-0508-04	24	8943871	8943871	1	NA
TCGA-09-0366-01A-01D-0508-04	24	8949553	8956787	4	-1.8423
TCGA-09-0366-01A-01D-0508-04	24	8958121	10515697	112	-4.5945
TCGA-09-0366-01A-01D-0508-04	24	10535786	10646662	13	-0.7469
TCGA-09-0366-01A-01D-0508-04	24	10655750	12682301	71	-2.6697
TCGA-09-0366-01A-01D-0508-04	24	12687167	12833424	23	-4.3064
TCGA-09-0366-01A-01D-0508-04	24	12839975	13104920	103	-2.6516
TCGA-09-0366-01A-01D-0508-04	24	13106723	13129843	10	-1.4973
TCGA-09-0366-01A-01D-0508-04	24	13133803	13133803	1	NA
TCGA-09-0366-01A-01D-0508-04	24	13136828	13140274	4	-5.6027
TCGA-09-0366-01A-01D-0508-04	24	13146483	13162723	13	-4.1597
TCGA-09-0366-01A-01D-0508-04	24	13164641	13262997	27	-3.2136
TCGA-09-0366-01A-01D-0508-04	24	13264329	13566041	145	-4.5445
TCGA-09-0366-01A-01D-0508-04	24	13566905	13705594	28	-3.593
TCGA-09-0366-01A-01D-0508-04	24	13716000	14122129	159	-4.5668
TCGA-09-0366-01A-01D-0508-04	24	14130722	14210847	6	-2.5142
TCGA-09-0366-01A-01D-0508-04	24	14214157	14214157	1	NA
TCGA-09-0366-01A-01D-0508-04	24	14225706	14358464	31	-4.3284
TCGA-09-0366-01A-01D-0508-04	24	14359748	14508021	89	-3.3727
TCGA-09-0366-01A-01D-0508-04	24	14508894	14508894	1	NA
TCGA-09-0366-01A-01D-0508-04	24	14524829	14579298	25	-1.7099
TCGA-09-0366-01A-01D-0508-04	24	14581797	14644293	10	-2.6495
TCGA-09-0366-01A-01D-0508-04	24	14681738	14701706	14	-3.1787
TCGA-09-0366-01A-01D-0508-04	24	14702545	14883615	42	-4.8512
TCGA-09-0366-01A-01D-0508-04	24	14894476	15270384	116	-3.5801
TCGA-09-0366-01A-01D-0508-04	24	15272429	15915466	235	-4.2463
TCGA-09-0366-01A-01D-0508-04	24	15920478	15920478	1	NA
TCGA-09-0366-01A-01D-0508-04	24	15928904	16182565	107	-3.2957
TCGA-09-0366-01A-01D-0508-04	24	16183348	22930737	1094	-4.2809
TCGA-09-0366-01A-01D-0508-04	24	23283689	57440809	86	-1.4798
TCGA-09-0366-01A-01D-0508-04	3	37075	48914	3	NA
TCGA-09-0366-01A-01D-0508-04	3	68949	14531281	5259	-0.0337
TCGA-09-0366-01A-01D-0508-04	3	14532919	16305667	756	0.2395
TCGA-09-0366-01A-01D-0508-04	3	16307071	16430067	65	-0.0959
TCGA-09-0366-01A-01D-0508-04	3	16432756	16615938	75	0.2731
TCGA-09-0366-01A-01D-0508-04	3	16617887	32074432	4638	-0.0327
TCGA-09-0366-01A-01D-0508-04	3	32077962	32080848	2	1.1347
TCGA-09-0366-01A-01D-0508-04	3	32094956	32476955	174	-0.0214
TCGA-09-0366-01A-01D-0508-04	3	32477355	32477355	1	NA
TCGA-09-0366-01A-01D-0508-04	3	32484970	32905446	169	0.3385
TCGA-09-0366-01A-01D-0508-04	3	32906796	43230200	3454	-0.0266
TCGA-09-0366-01A-01D-0508-04	3	43232127	48605606	2136	-0.3779
TCGA-09-0366-01A-01D-0508-04	3	48608799	48676237	30	-0.6801
TCGA-09-0366-01A-01D-0508-04	3	48677740	83514096	12308	-0.397
TCGA-09-0366-01A-01D-0508-04	3	83520517	83835623	57	0.2747
TCGA-09-0366-01A-01D-0508-04	3	83838533	84301140	66	0.7235
TCGA-09-0366-01A-01D-0508-04	3	84313570	84313570	1	NA
TCGA-09-0366-01A-01D-0508-04	3	84325308	133189686	14515	0.338
TCGA-09-0366-01A-01D-0508-04	3	133191877	133194685	2	-1.0501
TCGA-09-0366-01A-01D-0508-04	3	133197276	133197276	1	NA
TCGA-09-0366-01A-01D-0508-04	3	133198618	150748947	5509	0.3141
TCGA-09-0366-01A-01D-0508-04	3	150751433	150752600	2	-4.561
TCGA-09-0366-01A-01D-0508-04	3	150753766	164005577	4268	0.3292
TCGA-09-0366-01A-01D-0508-04	3	164009321	164027724	5	2.5689
TCGA-09-0366-01A-01D-0508-04	3	164036648	164100804	17	-0.0939
TCGA-09-0366-01A-01D-0508-04	3	164101776	191217656	9124	0.3256
TCGA-09-0366-01A-01D-0508-04	3	191219222	191219222	1	NA
TCGA-09-0366-01A-01D-0508-04	3	191221758	191222891	2	-5.9641
TCGA-09-0366-01A-01D-0508-04	3	191224191	192546280	424	0.3191
TCGA-09-0366-01A-01D-0508-04	3	192548135	192552734	4	-0.4184
TCGA-09-0366-01A-01D-0508-04	3	192554451	194354505	578	0.3009
TCGA-09-0366-01A-01D-0508-04	3	194358882	194366950	6	0.974
TCGA-09-0366-01A-01D-0508-04	3	194368145	196835413	997	0.3191
TCGA-09-0366-01A-01D-0508-04	3	196904349	196961238	30	0.6839
TCGA-09-0366-01A-01D-0508-04	3	196964180	199303076	945	0.344
TCGA-09-0366-01A-01D-0508-04	3	199306135	199329592	8	-0.027
TCGA-09-0366-01A-01D-0508-04	4	34020	53781	8	-0.3303
TCGA-09-0366-01A-01D-0508-04	4	58159	4026616	1364	0.0147
TCGA-09-0366-01A-01D-0508-04	4	4235149	4245720	4	0.6981
TCGA-09-0366-01A-01D-0508-04	4	4250442	9815760	2017	-0.0275
TCGA-09-0366-01A-01D-0508-04	4	9821327	9842644	4	-5.5095
TCGA-09-0366-01A-01D-0508-04	4	9853710	69097336	15041	-0.0395
TCGA-09-0366-01A-01D-0508-04	4	69099817	69165814	9	-0.6199
TCGA-09-0366-01A-01D-0508-04	4	69643272	70150576	117	0.0037
TCGA-09-0366-01A-01D-0508-04	4	70190682	70216707	4	-0.8887
TCGA-09-0366-01A-01D-0508-04	4	70294312	91266370	7402	-0.0393
TCGA-09-0366-01A-01D-0508-04	4	91269754	92259442	387	-0.4315
TCGA-09-0366-01A-01D-0508-04	4	92262599	94073863	538	-0.0674
TCGA-09-0366-01A-01D-0508-04	4	94076749	94084961	3	-0.8387
TCGA-09-0366-01A-01D-0508-04	4	94086315	104007581	3312	-0.0493
TCGA-09-0366-01A-01D-0508-04	4	104009307	106792185	741	-0.396
TCGA-09-0366-01A-01D-0508-04	4	106794991	107237430	189	-0.0389
TCGA-09-0366-01A-01D-0508-04	4	107239259	108263899	273	-0.4077
TCGA-09-0366-01A-01D-0508-04	4	108267940	109718402	412	-0.0666
TCGA-09-0366-01A-01D-0508-04	4	109722502	109722502	1	NA
TCGA-09-0366-01A-01D-0508-04	4	109725487	173224400	17814	-0.366
TCGA-09-0366-01A-01D-0508-04	4	173226562	173228860	2	0.8616
TCGA-09-0366-01A-01D-0508-04	4	173229983	190717801	5410	-0.3613
TCGA-09-0366-01A-01D-0508-04	4	190725579	190865262	41	-0.8091
TCGA-09-0366-01A-01D-0508-04	4	190866667	191153613	68	-0.4405
TCGA-09-0366-01A-01D-0508-04	5	79142	12857302	3975	0.2686
TCGA-09-0366-01A-01D-0508-04	5	12866038	12873052	2	1.4269
TCGA-09-0366-01A-01D-0508-04	5	13263185	17395391	1489	0.2886
TCGA-09-0366-01A-01D-0508-04	5	17397258	17408371	7	-0.8097
TCGA-09-0366-01A-01D-0508-04	5	17409796	46136065	7653	0.2896
TCGA-09-0366-01A-01D-0508-04	5	46150784	46150784	1	NA
TCGA-09-0366-01A-01D-0508-04	5	49595677	56579735	2076	-0.4059
TCGA-09-0366-01A-01D-0508-04	5	56580969	56582581	2	0.7156
TCGA-09-0366-01A-01D-0508-04	5	56584732	137730972	23839	-0.4145
TCGA-09-0366-01A-01D-0508-04	5	137733139	138212911	195	0.0278
TCGA-09-0366-01A-01D-0508-04	5	138214706	140533456	985	-0.381
TCGA-09-0366-01A-01D-0508-04	5	140535820	140538666	2	-1.4023
TCGA-09-0366-01A-01D-0508-04	5	140541178	140541178	1	NA
TCGA-09-0366-01A-01D-0508-04	5	140542704	146599404	2022	-0.4144
TCGA-09-0366-01A-01D-0508-04	5	146601381	146603091	2	0.6271
TCGA-09-0366-01A-01D-0508-04	5	146604851	160336922	4989	-0.4129
TCGA-09-0366-01A-01D-0508-04	5	160346088	161736629	416	-0.0456
TCGA-09-0366-01A-01D-0508-04	5	161749783	161749783	1	NA
TCGA-09-0366-01A-01D-0508-04	5	161761305	166857721	922	0.2569
TCGA-09-0366-01A-01D-0508-04	5	166861681	179709044	4890	-0.0466
TCGA-09-0366-01A-01D-0508-04	5	179710347	179711848	2	1.3475
TCGA-09-0366-01A-01D-0508-04	5	179713960	180346557	177	-0.0095
TCGA-09-0366-01A-01D-0508-04	5	180348365	180358977	6	0.6368
TCGA-09-0366-01A-01D-0508-04	5	180362342	180644810	112	0.0029
TCGA-09-0366-01A-01D-0508-04	6	99130	32558677	11677	0.2672
TCGA-09-0366-01A-01D-0508-04	6	32563252	32595402	7	1.4439
TCGA-09-0366-01A-01D-0508-04	6	32597877	32711957	37	0.4872
TCGA-09-0366-01A-01D-0508-04	6	32713363	32731072	10	1.3088
TCGA-09-0366-01A-01D-0508-04	6	32732764	79018959	14693	0.2699
TCGA-09-0366-01A-01D-0508-04	6	79024557	79105311	16	0.6441
TCGA-09-0366-01A-01D-0508-04	6	79112799	79112799	1	NA
TCGA-09-0366-01A-01D-0508-04	6	79119694	103046974	6623	0.2654
TCGA-09-0366-01A-01D-0508-04	6	103055431	103061668	2	NA
TCGA-09-0366-01A-01D-0508-04	6	103073269	170753106	23051	-0.0372
TCGA-09-0366-01A-01D-0508-04	7	136373	136373	1	NA
TCGA-09-0366-01A-01D-0508-04	7	138059	38258332	13599	-0.0378
TCGA-09-0366-01A-01D-0508-04	7	38262701	38315044	27	0.2554
TCGA-09-0366-01A-01D-0508-04	7	38317119	54064101	4719	-0.0501
TCGA-09-0366-01A-01D-0508-04	7	54069559	57616272	787	0.4624
TCGA-09-0366-01A-01D-0508-04	7	57625302	118611324	20132	0.017
TCGA-09-0366-01A-01D-0508-04	7	118618468	118620875	3	0.8867
TCGA-09-0366-01A-01D-0508-04	7	118622742	133433384	6827	-0.0026
TCGA-09-0366-01A-01D-0508-04	7	133436265	133448277	8	1.0074
TCGA-09-0366-01A-01D-0508-04	7	133453811	141413352	3701	0.0065
TCGA-09-0366-01A-01D-0508-04	7	141414719	141440184	13	0.4003
TCGA-09-0366-01A-01D-0508-04	7	141442231	147702365	2638	-0.0111
TCGA-09-0366-01A-01D-0508-04	7	147704200	147707161	2	-1.4723
TCGA-09-0366-01A-01D-0508-04	7	147708382	147710037	2	NA
TCGA-09-0366-01A-01D-0508-04	7	147711471	156483966	3179	0
TCGA-09-0366-01A-01D-0508-04	7	156485711	156495904	6	0.6586
TCGA-09-0366-01A-01D-0508-04	7	156497496	158821263	1051	-0.0012
TCGA-09-0366-01A-01D-0508-04	8	151472	7156900	2392	-0.4618
TCGA-09-0366-01A-01D-0508-04	8	7226901	7824059	9	-0.9994
TCGA-09-0366-01A-01D-0508-04	8	8137794	39350798	10673	-0.4136
TCGA-09-0366-01A-01D-0508-04	8	39352361	39505256	59	0.4075
TCGA-09-0366-01A-01D-0508-04	8	39508035	40892587	441	-0.4355
TCGA-09-0366-01A-01D-0508-04	8	40895468	40897469	2	-2.9571
TCGA-09-0366-01A-01D-0508-04	8	40904488	41696872	246	-0.3318
TCGA-09-0366-01A-01D-0508-04	8	41698523	42640881	384	0.0477
TCGA-09-0366-01A-01D-0508-04	8	42648619	146264846	30360	-0.3531
TCGA-09-0366-01A-01D-0508-04	9	189055	22477358	7837	-0.0518
TCGA-09-0366-01A-01D-0508-04	9	22486980	22492603	2	-1.1494
TCGA-09-0366-01A-01D-0508-04	9	22499541	70926188	5233	-0.0311
TCGA-09-0366-01A-01D-0508-04	9	70928471	70930528	2	2.03
TCGA-09-0366-01A-01D-0508-04	9	70935055	78337337	2741	-0.0158
TCGA-09-0366-01A-01D-0508-04	9	78340563	78348389	5	-0.6771
TCGA-09-0366-01A-01D-0508-04	9	78353163	116118907	12720	-0.0233
TCGA-09-0366-01A-01D-0508-04	9	116122595	116130333	4	-0.9192
TCGA-09-0366-01A-01D-0508-04	9	116132839	137352394	8295	0.0183
TCGA-09-0366-01A-01D-0508-04	9	137354256	137356880	2	1.6255
TCGA-09-0366-01A-01D-0508-04	9	137359947	140145683	1103	0.0757
